0.00059506 	 1680 	 5.1648 	 1 	 25 	 72199055 	 10838.30 	 24885869512907.000000 	 4.765000 	 10800 	 C:\z_mine\research\MEMO muppets\z_research\mup_classic\104b00_res_00.txt 	  131 	 244 	 275 	 414 	 422 	 329 	 276 	 189 	 103 	 43 	 29 	 17 	 12 	 7 	 6 	 0 	 1 	 1 	 0 	 1 	 
0.00081900 	 1220 	 5.1464 	 1 	 21 	 69258885 	 11003.96 	 25266482435383.000000 	 5.531000 	 10800 	 C:\z_mine\research\MEMO muppets\z_research\mup_classic\104b01_res_00.txt 	  138 	 259 	 253 	 401 	 407 	 389 	 276 	 156 	 105 	 51 	 18 	 20 	 6 	 7 	 6 	 3 	 3 	 0 	 1 	 1 	 
0.00180668 	 552 	 5.0876 	 1 	 20 	 59295251 	 11038.01 	 25344420402962.000000 	 5.235000 	 10800 	 C:\z_mine\research\MEMO muppets\z_research\mup_classic\104b02_res_00.txt 	  142 	 240 	 296 	 407 	 440 	 344 	 244 	 180 	 84 	 53 	 26 	 15 	 14 	 4 	 5 	 3 	 1 	 0 	 1 	 1 	 
0.00031051 	 3220 	 4.9552 	 1 	 16 	 78168665 	 10964.09 	 25174777534988.000000 	 5.875000 	 10800 	 C:\z_mine\research\MEMO muppets\z_research\mup_classic\104b03_res_00.txt 	  166 	 251 	 311 	 410 	 426 	 313 	 268 	 154 	 93 	 46 	 31 	 18 	 9 	 2 	 0 	 2 	 0 	 0 	 0 	 0 	 
0.00036258 	 2757 	 5.0432 	 1 	 17 	 76673589 	 11386.02 	 26142465738200.000000 	 5.890000 	 10800 	 C:\z_mine\research\MEMO muppets\z_research\mup_classic\104b04_res_00.txt 	  144 	 235 	 327 	 403 	 410 	 345 	 259 	 180 	 88 	 46 	 26 	 13 	 14 	 4 	 2 	 2 	 2 	 0 	 0 	 0 	 
0.00020379 	 4906 	 4.8980 	 1 	 15 	 79421437 	 11115.81 	 25523091469428.000000 	 6.594000 	 10800 	 C:\z_mine\research\MEMO muppets\z_research\mup_classic\104b05_res_00.txt 	  168 	 260 	 318 	 419 	 383 	 353 	 274 	 145 	 86 	 42 	 23 	 15 	 9 	 3 	 2 	 0 	 0 	 0 	 0 	 0 	 
0.00023367 	 4278 	 4.9012 	 1 	 22 	 87297056 	 11139.39 	 25576717875467.000000 	 6.704000 	 10800 	 C:\z_mine\research\MEMO muppets\z_research\mup_classic\104b06_res_00.txt 	  162 	 251 	 346 	 436 	 393 	 324 	 218 	 179 	 91 	 53 	 21 	 11 	 7 	 1 	 2 	 0 	 3 	 0 	 0 	 2 	 
0.00016731 	 5976 	 4.6996 	 1 	 16 	 89672038 	 10868.82 	 24955949329235.000000 	 8.907000 	 10800 	 C:\z_mine\research\MEMO muppets\z_research\mup_classic\104b07_res_00.txt 	  196 	 303 	 335 	 461 	 365 	 303 	 200 	 153 	 98 	 43 	 15 	 16 	 9 	 1 	 1 	 1 	 0 	 0 	 0 	 0 	 
0.00010055 	 9944 	 4.6676 	 1 	 18 	 92521776 	 10898.30 	 25023259163058.000000 	 9.203000 	 10800 	 C:\z_mine\research\MEMO muppets\z_research\mup_classic\104b08_res_00.txt 	  191 	 333 	 379 	 447 	 312 	 292 	 232 	 119 	 91 	 49 	 16 	 17 	 11 	 6 	 2 	 0 	 1 	 2 	 0 	 0 	 
0.00006236 	 16034 	 4.4940 	 1 	 17 	 94226836 	 10835.50 	 24878952881417.000000 	 10.000000 	 10800 	 C:\z_mine\research\MEMO muppets\z_research\mup_classic\104b09_res_00.txt 	  198 	 346 	 353 	 517 	 363 	 284 	 177 	 96 	 77 	 36 	 20 	 17 	 13 	 1 	 1 	 0 	 1 	 0 	 0 	 0 	 
0.00008867 	 11277 	 4.6756 	 1 	 16 	 95680214 	 10932.25 	 25100029780644.000000 	 13.109000 	 10800 	 C:\z_mine\research\MEMO muppets\z_research\mup_classic\104d00_res_00.txt 	  218 	 306 	 377 	 418 	 333 	 295 	 206 	 150 	 92 	 50 	 29 	 14 	 6 	 5 	 0 	 1 	 0 	 0 	 0 	 0 	 
0.00003623 	 27603 	 4.3772 	 1 	 13 	 98027517 	 10933.29 	 25103146413076.000000 	 15.063000 	 10800 	 C:\z_mine\research\MEMO muppets\z_research\mup_classic\104d01_res_00.txt 	  202 	 334 	 432 	 470 	 351 	 274 	 207 	 106 	 71 	 29 	 18 	 4 	 2 	 0 	 0 	 0 	 0 	 0 	 0 	 0 	 
0.00008675 	 11527 	 5.0252 	 1 	 21 	 59889480 	 10830.62 	 24866098226553.000000 	 19.125000 	 10800 	 C:\z_mine\research\MEMO muppets\z_research\mup_classic\104d02_res_00.txt 	  207 	 313 	 325 	 462 	 301 	 248 	 206 	 119 	 95 	 74 	 51 	 30 	 28 	 15 	 10 	 6 	 2 	 4 	 3 	 1 	 
0.00009276 	 10780 	 4.4728 	 1 	 13 	 105937515 	 10861.99 	 24939071561424.000000 	 11.719000 	 10800 	 C:\z_mine\research\MEMO muppets\z_research\mup_classic\104d03_res_00.txt 	  195 	 328 	 380 	 464 	 357 	 328 	 201 	 126 	 69 	 36 	 10 	 2 	 4 	 0 	 0 	 0 	 0 	 0 	 0 	 0 	 
0.00015897 	 6290 	 4.8396 	 1 	 16 	 52286674 	 10813.51 	 24827808284564.000000 	 13.860000 	 10800 	 C:\z_mine\research\MEMO muppets\z_research\mup_classic\104d04_res_00.txt 	  172 	 338 	 366 	 415 	 311 	 276 	 233 	 151 	 107 	 50 	 40 	 11 	 17 	 10 	 1 	 2 	 0 	 0 	 0 	 0 	 
0.00033887 	 2950 	 4.9612 	 1 	 18 	 75813990 	 10802.91 	 24804103757314.000000 	 8.078000 	 10800 	 C:\z_mine\research\MEMO muppets\z_research\mup_classic\104d05_res_00.txt 	  171 	 297 	 311 	 443 	 390 	 265 	 223 	 158 	 99 	 38 	 43 	 28 	 17 	 4 	 5 	 3 	 2 	 3 	 0 	 0 	 
0.00028297 	 3533 	 4.9844 	 1 	 20 	 75410779 	 10880.88 	 24980875100115.000000 	 11.922000 	 10800 	 C:\z_mine\research\MEMO muppets\z_research\mup_classic\104d06_res_00.txt 	  176 	 324 	 343 	 387 	 322 	 276 	 226 	 181 	 107 	 69 	 40 	 23 	 9 	 4 	 4 	 3 	 1 	 0 	 3 	 2 	 
0.00136519 	 732 	 5.5488 	 1 	 21 	 26658998 	 10894.17 	 25013477554738.000000 	 11.297000 	 10800 	 C:\z_mine\research\MEMO muppets\z_research\mup_classic\104d07_res_00.txt 	  155 	 247 	 333 	 371 	 296 	 264 	 229 	 181 	 128 	 92 	 81 	 48 	 34 	 15 	 11 	 3 	 5 	 1 	 3 	 3 	 
0.00024319 	 4111 	 4.7396 	 1 	 18 	 10593892 	 10806.95 	 24812095406406.000000 	 11.515000 	 10800 	 C:\z_mine\research\MEMO muppets\z_research\mup_classic\104d08_res_00.txt 	  172 	 313 	 390 	 462 	 348 	 285 	 193 	 123 	 91 	 32 	 39 	 27 	 9 	 6 	 8 	 0 	 1 	 1 	 0 	 0 	 
0.00014340 	 6972 	 4.4276 	 1 	 14 	 100193261 	 10810.43 	 24820594932699.000000 	 12.516000 	 10800 	 C:\z_mine\research\MEMO muppets\z_research\mup_classic\104d09_res_00.txt 	  176 	 378 	 349 	 517 	 370 	 264 	 212 	 117 	 51 	 34 	 22 	 5 	 3 	 2 	 0 	 0 	 0 	 0 	 0 	 0 	 
1.00000000 	 0 	 5.0752 	 1 	 14 	 171223 	 104.46 	 239665539465.000000 	 1.203000 	 10800 	 C:\z_mine\research\MEMO muppets\z_research\mup_classic\114b00_res_00.txt 	  64 	 147 	 215 	 474 	 671 	 399 	 313 	 149 	 37 	 22 	 6 	 2 	 0 	 1 	 0 	 0 	 0 	 0 	 0 	 0 	 
1.00000000 	 0 	 5.0360 	 1 	 13 	 178521 	 113.99 	 261594305606.000000 	 1.281000 	 10800 	 C:\z_mine\research\MEMO muppets\z_research\mup_classic\114b01_res_00.txt 	  57 	 135 	 238 	 503 	 672 	 417 	 271 	 136 	 41 	 18 	 4 	 7 	 1 	 0 	 0 	 0 	 0 	 0 	 0 	 0 	 
1.00000000 	 0 	 4.9936 	 1 	 12 	 96578 	 63.15 	 144903289568.000000 	 1.063000 	 10800 	 C:\z_mine\research\MEMO muppets\z_research\mup_classic\114b02_res_00.txt 	  76 	 120 	 258 	 470 	 691 	 409 	 282 	 146 	 27 	 13 	 6 	 2 	 0 	 0 	 0 	 0 	 0 	 0 	 0 	 0 	 
0.00038197 	 2617 	 4.9868 	 1 	 15 	 64202773 	 11156.09 	 25614088952343.000000 	 5.172000 	 10800 	 C:\z_mine\research\MEMO muppets\z_research\mup_classic\114b03_res_00.txt 	  153 	 207 	 280 	 442 	 466 	 384 	 241 	 160 	 72 	 49 	 21 	 13 	 5 	 4 	 3 	 0 	 0 	 0 	 0 	 0 	 
0.01282051 	 77 	 5.0460 	 1 	 19 	 28736731 	 10802.64 	 24802938196810.000000 	 6.407000 	 10800 	 C:\z_mine\research\MEMO muppets\z_research\mup_classic\114b04_res_00.txt 	  132 	 242 	 265 	 428 	 485 	 341 	 246 	 176 	 78 	 53 	 26 	 13 	 6 	 5 	 1 	 0 	 1 	 1 	 1 	 0 	 
0.00090334 	 1106 	 5.0008 	 1 	 14 	 58483516 	 10993.86 	 25242313550790.000000 	 4.719000 	 10800 	 C:\z_mine\research\MEMO muppets\z_research\mup_classic\114b05_res_00.txt 	  149 	 214 	 283 	 393 	 493 	 337 	 302 	 184 	 80 	 32 	 18 	 5 	 7 	 3 	 0 	 0 	 0 	 0 	 0 	 0 	 
1.00000000 	 0 	 4.9216 	 1 	 16 	 5325480 	 1126.72 	 2586557105002.000000 	 5.515000 	 10800 	 C:\z_mine\research\MEMO muppets\z_research\mup_classic\114b06_res_00.txt 	  138 	 239 	 300 	 444 	 459 	 351 	 274 	 137 	 66 	 46 	 23 	 15 	 4 	 3 	 0 	 1 	 0 	 0 	 0 	 0 	 
0.00020354 	 4912 	 4.9172 	 1 	 15 	 6626661 	 10825.00 	 24854105657656.000000 	 9.156000 	 10800 	 C:\z_mine\research\MEMO muppets\z_research\mup_classic\114b07_res_00.txt 	  166 	 247 	 275 	 459 	 425 	 321 	 268 	 175 	 69 	 49 	 29 	 9 	 6 	 1 	 1 	 0 	 0 	 0 	 0 	 0 	 
0.00009918 	 10082 	 4.8572 	 1 	 15 	 65686312 	 11049.11 	 25368074417073.000000 	 8.390000 	 10800 	 C:\z_mine\research\MEMO muppets\z_research\mup_classic\114b08_res_00.txt 	  179 	 269 	 321 	 428 	 391 	 303 	 264 	 174 	 74 	 51 	 17 	 12 	 10 	 4 	 3 	 0 	 0 	 0 	 0 	 0 	 
0.00072701 	 1374 	 4.8604 	 1 	 17 	 40753373 	 10868.48 	 24953055688445.000000 	 6.250000 	 10800 	 C:\z_mine\research\MEMO muppets\z_research\mup_classic\114b09_res_00.txt 	  160 	 272 	 307 	 448 	 414 	 314 	 263 	 152 	 76 	 43 	 26 	 15 	 4 	 2 	 2 	 1 	 1 	 0 	 0 	 0 	 
0.00044524 	 2245 	 4.8324 	 1 	 16 	 14656253 	 10842.86 	 24892338496975.000000 	 12.407000 	 10800 	 C:\z_mine\research\MEMO muppets\z_research\mup_classic\114d00_res_00.txt 	  172 	 323 	 335 	 434 	 360 	 306 	 212 	 137 	 78 	 56 	 37 	 27 	 15 	 3 	 4 	 1 	 0 	 0 	 0 	 0 	 
0.00029138 	 3431 	 4.7752 	 1 	 16 	 6469662 	 10803.03 	 24800476564708.000000 	 10.719000 	 10800 	 C:\z_mine\research\MEMO muppets\z_research\mup_classic\114d01_res_00.txt 	  193 	 313 	 306 	 416 	 403 	 320 	 204 	 148 	 89 	 52 	 31 	 11 	 6 	 4 	 2 	 2 	 0 	 0 	 0 	 0 	 
0.00026455 	 3779 	 4.9984 	 1 	 18 	 6863310 	 10810.97 	 24819605710954.000000 	 10.594000 	 10800 	 C:\z_mine\research\MEMO muppets\z_research\mup_classic\114d02_res_00.txt 	  184 	 301 	 269 	 418 	 365 	 307 	 257 	 151 	 103 	 63 	 35 	 23 	 12 	 6 	 2 	 1 	 1 	 2 	 0 	 0 	 
0.00011291 	 8856 	 4.5784 	 1 	 15 	 61450255 	 10866.70 	 24947033077210.000000 	 18.313000 	 10800 	 C:\z_mine\research\MEMO muppets\z_research\mup_classic\114d03_res_00.txt 	  205 	 347 	 380 	 438 	 339 	 284 	 198 	 119 	 86 	 47 	 33 	 12 	 4 	 5 	 3 	 0 	 0 	 0 	 0 	 0 	 
0.00019592 	 5103 	 4.2428 	 1 	 14 	 56612522 	 10828.85 	 24860588407777.000000 	 14.766000 	 10800 	 C:\z_mine\research\MEMO muppets\z_research\mup_classic\114d04_res_00.txt 	  245 	 380 	 368 	 474 	 344 	 283 	 216 	 102 	 53 	 17 	 11 	 4 	 2 	 1 	 0 	 0 	 0 	 0 	 0 	 0 	 
0.00074349 	 1344 	 4.8192 	 1 	 19 	 49999787 	 10822.17 	 24843141321405.000000 	 9.594000 	 10800 	 C:\z_mine\research\MEMO muppets\z_research\mup_classic\114d05_res_00.txt 	  212 	 291 	 295 	 446 	 357 	 321 	 242 	 127 	 85 	 53 	 32 	 14 	 11 	 10 	 2 	 0 	 1 	 0 	 1 	 0 	 
0.00018620 	 5370 	 4.3772 	 1 	 16 	 45747342 	 10818.56 	 24837656188093.000000 	 15.390000 	 10800 	 C:\z_mine\research\MEMO muppets\z_research\mup_classic\114d06_res_00.txt 	  209 	 381 	 386 	 463 	 353 	 265 	 192 	 128 	 53 	 40 	 12 	 12 	 2 	 1 	 2 	 1 	 0 	 0 	 0 	 0 	 
0.00008542 	 11706 	 4.4808 	 1 	 14 	 14850536 	 10810.70 	 24818463069058.000000 	 14.875000 	 10800 	 C:\z_mine\research\MEMO muppets\z_research\mup_classic\114d07_res_00.txt 	  199 	 349 	 374 	 464 	 372 	 258 	 213 	 141 	 53 	 44 	 21 	 7 	 2 	 3 	 0 	 0 	 0 	 0 	 0 	 0 	 
1.00000000 	 0 	 5.1072 	 1 	 18 	 5655138 	 6946.72 	 15947091101666.000000 	 9.531000 	 10800 	 C:\z_mine\research\MEMO muppets\z_research\mup_classic\114d08_res_00.txt 	  141 	 236 	 299 	 425 	 412 	 322 	 284 	 168 	 70 	 59 	 42 	 18 	 12 	 7 	 1 	 2 	 1 	 1 	 0 	 0 	 
0.00006829 	 14642 	 4.8296 	 1 	 16 	 56085029 	 10805.79 	 24807064574377.000000 	 17.703000 	 10800 	 C:\z_mine\research\MEMO muppets\z_research\mup_classic\114d09_res_00.txt 	  221 	 363 	 314 	 411 	 324 	 257 	 197 	 138 	 99 	 67 	 46 	 23 	 24 	 5 	 5 	 6 	 0 	 0 	 0 	 0 	 
1.00000000 	 0 	 4.4236 	 1 	 13 	 977550 	 520.66 	 1195182392795.000000 	 4.484000 	 10800 	 C:\z_mine\research\MEMO muppets\z_research\mup_classic\128b00_res_00.txt 	  177 	 269 	 323 	 585 	 481 	 296 	 208 	 96 	 36 	 20 	 4 	 3 	 2 	 0 	 0 	 0 	 0 	 0 	 0 	 0 	 
1.00000000 	 0 	 4.4536 	 1 	 13 	 974692 	 560.56 	 1286685246047.000000 	 3.984000 	 10800 	 C:\z_mine\research\MEMO muppets\z_research\mup_classic\128b01_res_00.txt 	  142 	 262 	 352 	 572 	 478 	 353 	 193 	 98 	 28 	 16 	 4 	 1 	 1 	 0 	 0 	 0 	 0 	 0 	 0 	 0 	 
1.00000000 	 0 	 4.3492 	 1 	 12 	 1697158 	 681.66 	 1564888768731.000000 	 5.859000 	 10800 	 C:\z_mine\research\MEMO muppets\z_research\mup_classic\128b02_res_00.txt 	  191 	 323 	 344 	 529 	 456 	 289 	 205 	 88 	 34 	 26 	 11 	 4 	 0 	 0 	 0 	 0 	 0 	 0 	 0 	 0 	 
1.00000000 	 0 	 4.3756 	 1 	 13 	 1469250 	 799.67 	 1835599133307.000000 	 5.640000 	 10800 	 C:\z_mine\research\MEMO muppets\z_research\mup_classic\128b03_res_00.txt 	  159 	 326 	 360 	 523 	 439 	 357 	 197 	 70 	 37 	 17 	 8 	 2 	 5 	 0 	 0 	 0 	 0 	 0 	 0 	 0 	 
1.00000000 	 0 	 4.2760 	 1 	 13 	 4753120 	 3284.12 	 7538339221068.000000 	 9.469000 	 10800 	 C:\z_mine\research\MEMO muppets\z_research\mup_classic\128b04_res_00.txt 	  203 	 387 	 353 	 486 	 396 	 314 	 180 	 106 	 42 	 18 	 4 	 7 	 4 	 0 	 0 	 0 	 0 	 0 	 0 	 0 	 
1.00000000 	 0 	 4.2152 	 1 	 13 	 7475820 	 1338.40 	 3071549968927.000000 	 8.203000 	 10800 	 C:\z_mine\research\MEMO muppets\z_research\mup_classic\128b05_res_00.txt 	  194 	 392 	 372 	 509 	 394 	 287 	 201 	 97 	 27 	 15 	 6 	 4 	 2 	 0 	 0 	 0 	 0 	 0 	 0 	 0 	 
1.00000000 	 0 	 4.2504 	 1 	 13 	 5710806 	 1539.64 	 3533312299930.000000 	 8.610000 	 10800 	 C:\z_mine\research\MEMO muppets\z_research\mup_classic\128b06_res_00.txt 	  208 	 373 	 366 	 510 	 413 	 270 	 183 	 98 	 41 	 17 	 9 	 10 	 2 	 0 	 0 	 0 	 0 	 0 	 0 	 0 	 
0.00174825 	 571 	 4.1700 	 1 	 16 	 69946067 	 11027.93 	 25317893133935.000000 	 9.656000 	 10800 	 C:\z_mine\research\MEMO muppets\z_research\mup_classic\128b07_res_00.txt 	  208 	 437 	 360 	 500 	 373 	 265 	 190 	 86 	 44 	 24 	 8 	 2 	 2 	 0 	 0 	 1 	 0 	 0 	 0 	 0 	 
0.00004650 	 21504 	 4.1768 	 1 	 15 	 6659368 	 10816.91 	 24834894548903.000000 	 10.860000 	 10800 	 C:\z_mine\research\MEMO muppets\z_research\mup_classic\128b08_res_00.txt 	  213 	 368 	 368 	 534 	 399 	 310 	 167 	 92 	 23 	 13 	 6 	 4 	 1 	 1 	 1 	 0 	 0 	 0 	 0 	 0 	 
0.00011776 	 8490 	 4.1212 	 1 	 14 	 66102547 	 10879.49 	 24976250837002.000000 	 11.453000 	 10800 	 C:\z_mine\research\MEMO muppets\z_research\mup_classic\128b09_res_00.txt 	  241 	 390 	 395 	 493 	 384 	 266 	 176 	 85 	 30 	 24 	 9 	 4 	 2 	 1 	 0 	 0 	 0 	 0 	 0 	 0 	 
0.00007439 	 13441 	 3.9540 	 1 	 14 	 47149198 	 10966.48 	 25177816092075.000000 	 20.703000 	 10800 	 C:\z_mine\research\MEMO muppets\z_research\mup_classic\128d00_res_00.txt 	  255 	 458 	 453 	 453 	 329 	 236 	 164 	 77 	 44 	 24 	 4 	 2 	 0 	 1 	 0 	 0 	 0 	 0 	 0 	 0 	 
1.00000000 	 0 	 4.2544 	 1 	 14 	 9464408 	 7617.84 	 17488435428752.000000 	 13.328000 	 10800 	 C:\z_mine\research\MEMO muppets\z_research\mup_classic\128d01_res_00.txt 	  223 	 434 	 364 	 477 	 345 	 262 	 168 	 97 	 65 	 27 	 23 	 8 	 6 	 1 	 0 	 0 	 0 	 0 	 0 	 0 	 
0.00016125 	 6200 	 3.8216 	 1 	 14 	 60822409 	 10846.62 	 24903005966276.000000 	 17.578000 	 10800 	 C:\z_mine\research\MEMO muppets\z_research\mup_classic\128d02_res_00.txt 	  258 	 458 	 426 	 505 	 393 	 239 	 138 	 49 	 22 	 8 	 3 	 0 	 0 	 1 	 0 	 0 	 0 	 0 	 0 	 0 	 
0.00054840 	 1823 	 4.6476 	 1 	 15 	 17183174 	 10839.92 	 24885753237673.000000 	 17.781000 	 10800 	 C:\z_mine\research\MEMO muppets\z_research\mup_classic\128d03_res_00.txt 	  247 	 364 	 358 	 365 	 312 	 269 	 209 	 153 	 99 	 56 	 36 	 21 	 5 	 5 	 1 	 0 	 0 	 0 	 0 	 0 	 
0.00029927 	 3340 	 4.1588 	 1 	 13 	 59032653 	 10802.02 	 24801054219577.000000 	 15.500000 	 10800 	 C:\z_mine\research\MEMO muppets\z_research\mup_classic\128d04_res_00.txt 	  231 	 394 	 411 	 483 	 367 	 263 	 167 	 95 	 44 	 28 	 11 	 4 	 2 	 0 	 0 	 0 	 0 	 0 	 0 	 0 	 
0.00016477 	 6068 	 4.0148 	 1 	 14 	 54350788 	 10908.41 	 25044575487219.000000 	 16.250000 	 10800 	 C:\z_mine\research\MEMO muppets\z_research\mup_classic\128d05_res_00.txt 	  259 	 418 	 441 	 499 	 321 	 216 	 169 	 108 	 29 	 31 	 6 	 2 	 0 	 1 	 0 	 0 	 0 	 0 	 0 	 0 	 
0.00102828 	 972 	 4.0820 	 1 	 14 	 60116045 	 10858.66 	 24931673589650.000000 	 15.421000 	 10800 	 C:\z_mine\research\MEMO muppets\z_research\mup_classic\128d06_res_00.txt 	  245 	 438 	 387 	 482 	 375 	 232 	 161 	 90 	 51 	 18 	 14 	 4 	 2 	 1 	 0 	 0 	 0 	 0 	 0 	 0 	 
0.00015845 	 6310 	 4.1780 	 1 	 16 	 14522595 	 10813.51 	 24827370641860.000000 	 17.265000 	 10800 	 C:\z_mine\research\MEMO muppets\z_research\mup_classic\128d07_res_00.txt 	  237 	 416 	 401 	 471 	 332 	 262 	 174 	 111 	 48 	 30 	 6 	 7 	 3 	 1 	 0 	 1 	 0 	 0 	 0 	 0 	 
0.00020794 	 4808 	 4.3404 	 1 	 16 	 6957924 	 10816.81 	 24835956335108.000000 	 10.359000 	 10800 	 C:\z_mine\research\MEMO muppets\z_research\mup_classic\128d08_res_00.txt 	  238 	 350 	 368 	 463 	 408 	 255 	 195 	 101 	 57 	 31 	 22 	 10 	 1 	 0 	 0 	 1 	 0 	 0 	 0 	 0 	 
0.00006779 	 14752 	 4.1296 	 1 	 14 	 45367883 	 10877.99 	 24975697600466.000000 	 17.547000 	 10800 	 C:\z_mine\research\MEMO muppets\z_research\mup_classic\128d09_res_00.txt 	  236 	 400 	 407 	 476 	 356 	 282 	 186 	 89 	 32 	 17 	 13 	 4 	 0 	 2 	 0 	 0 	 0 	 0 	 0 	 0 	 
1.00000000 	 0 	 4.4808 	 1 	 12 	 679988 	 389.31 	 893581111665.000000 	 2.469000 	 10800 	 C:\z_mine\research\MEMO muppets\z_research\mup_classic\144b00_res_00.txt 	  97 	 175 	 325 	 756 	 539 	 334 	 182 	 59 	 24 	 5 	 3 	 1 	 0 	 0 	 0 	 0 	 0 	 0 	 0 	 0 	 
1.00000000 	 0 	 4.4792 	 1 	 11 	 419532 	 341.80 	 784736111717.000000 	 2.594000 	 10800 	 C:\z_mine\research\MEMO muppets\z_research\mup_classic\144b01_res_00.txt 	  84 	 163 	 318 	 845 	 497 	 331 	 161 	 70 	 18 	 9 	 4 	 0 	 0 	 0 	 0 	 0 	 0 	 0 	 0 	 0 	 
1.00000000 	 0 	 4.4904 	 1 	 12 	 502863 	 283.93 	 651867418460.000000 	 2.203000 	 10800 	 C:\z_mine\research\MEMO muppets\z_research\mup_classic\144b02_res_00.txt 	  73 	 187 	 332 	 826 	 487 	 303 	 184 	 61 	 30 	 10 	 4 	 3 	 0 	 0 	 0 	 0 	 0 	 0 	 0 	 0 	 
0.00064309 	 1554 	 4.6112 	 1 	 16 	 39659696 	 11006.58 	 25273647592100.000000 	 3.875000 	 10800 	 C:\z_mine\research\MEMO muppets\z_research\mup_classic\144b03_res_00.txt 	  119 	 205 	 326 	 664 	 482 	 331 	 195 	 91 	 42 	 20 	 13 	 6 	 4 	 0 	 1 	 1 	 0 	 0 	 0 	 0 	 
0.00278552 	 358 	 4.5432 	 1 	 16 	 29970335 	 10818.14 	 24839131544251.000000 	 4.140000 	 10800 	 C:\z_mine\research\MEMO muppets\z_research\mup_classic\144b04_res_00.txt 	  129 	 205 	 327 	 708 	 450 	 329 	 206 	 71 	 34 	 18 	 9 	 4 	 5 	 2 	 2 	 1 	 0 	 0 	 0 	 0 	 
0.00014530 	 6882 	 4.5692 	 1 	 15 	 43251612 	 11574.49 	 26577729653934.000000 	 3.563000 	 10800 	 C:\z_mine\research\MEMO muppets\z_research\mup_classic\144b05_res_00.txt 	  128 	 238 	 303 	 679 	 437 	 338 	 207 	 81 	 49 	 17 	 12 	 4 	 6 	 0 	 1 	 0 	 0 	 0 	 0 	 0 	 
1.00000000 	 0 	 4.4264 	 1 	 11 	 461897 	 237.95 	 546252674983.000000 	 2.640000 	 10800 	 C:\z_mine\research\MEMO muppets\z_research\mup_classic\144b06_res_00.txt 	  77 	 176 	 383 	 787 	 497 	 334 	 161 	 55 	 20 	 6 	 4 	 0 	 0 	 0 	 0 	 0 	 0 	 0 	 0 	 0 	 
0.00023574 	 4241 	 4.5060 	 1 	 15 	 43432522 	 10853.62 	 24922339638260.000000 	 4.829000 	 10800 	 C:\z_mine\research\MEMO muppets\z_research\mup_classic\144b07_res_00.txt 	  123 	 253 	 323 	 653 	 492 	 307 	 198 	 75 	 35 	 20 	 10 	 5 	 4 	 0 	 2 	 0 	 0 	 0 	 0 	 0 	 
0.00005780 	 17300 	 4.4972 	 1 	 15 	 46130553 	 10814.55 	 24832307843829.000000 	 6.765000 	 10800 	 C:\z_mine\research\MEMO muppets\z_research\mup_classic\144b08_res_00.txt 	  164 	 271 	 315 	 595 	 440 	 336 	 203 	 83 	 52 	 22 	 12 	 3 	 2 	 1 	 1 	 0 	 0 	 0 	 0 	 0 	 
0.00018920 	 5284 	 4.4992 	 1 	 14 	 41555636 	 10801.60 	 24803131233603.000000 	 5.265000 	 10800 	 C:\z_mine\research\MEMO muppets\z_research\mup_classic\144b09_res_00.txt 	  154 	 271 	 314 	 626 	 439 	 320 	 202 	 78 	 46 	 24 	 20 	 2 	 1 	 3 	 0 	 0 	 0 	 0 	 0 	 0 	 
0.00006620 	 15104 	 4.2696 	 1 	 19 	 40242244 	 10970.18 	 25187972317863.000000 	 15.250000 	 10800 	 C:\z_mine\research\MEMO muppets\z_research\mup_classic\144d00_res_00.txt 	  265 	 430 	 327 	 478 	 336 	 247 	 159 	 112 	 64 	 35 	 25 	 11 	 7 	 3 	 0 	 0 	 0 	 0 	 1 	 0 	 
0.00135593 	 736 	 4.4796 	 1 	 17 	 49997186 	 10892.55 	 25009841245888.000000 	 8.985000 	 10800 	 C:\z_mine\research\MEMO muppets\z_research\mup_classic\144d01_res_00.txt 	  196 	 286 	 322 	 553 	 389 	 335 	 235 	 76 	 68 	 21 	 11 	 6 	 1 	 0 	 0 	 0 	 1 	 0 	 0 	 0 	 
0.00052618 	 1899 	 4.0312 	 1 	 15 	 13081691 	 10807.01 	 24814748407209.000000 	 13.641000 	 10800 	 C:\z_mine\research\MEMO muppets\z_research\mup_classic\144d02_res_00.txt 	  270 	 418 	 363 	 510 	 357 	 274 	 170 	 73 	 35 	 18 	 3 	 7 	 1 	 0 	 1 	 0 	 0 	 0 	 0 	 0 	 
1.00000000 	 0 	 4.5836 	 1 	 17 	 5095491 	 8789.88 	 20182970370374.000000 	 8.156000 	 10800 	 C:\z_mine\research\MEMO muppets\z_research\mup_classic\144d03_res_00.txt 	  138 	 248 	 323 	 617 	 428 	 322 	 240 	 97 	 42 	 27 	 11 	 5 	 0 	 1 	 0 	 0 	 1 	 0 	 0 	 0 	 
0.00014349 	 6968 	 4.4116 	 1 	 15 	 28243159 	 10836.75 	 24883502115040.000000 	 15.062000 	 10800 	 C:\z_mine\research\MEMO muppets\z_research\mup_classic\144d04_res_00.txt 	  251 	 366 	 335 	 451 	 351 	 281 	 195 	 125 	 74 	 36 	 20 	 12 	 2 	 0 	 1 	 0 	 0 	 0 	 0 	 0 	 
0.00038314 	 2609 	 4.2392 	 1 	 16 	 53952227 	 10994.78 	 25244236327640.000000 	 12.578000 	 10800 	 C:\z_mine\research\MEMO muppets\z_research\mup_classic\144d05_res_00.txt 	  239 	 402 	 345 	 528 	 340 	 241 	 182 	 115 	 55 	 30 	 14 	 5 	 1 	 1 	 0 	 2 	 0 	 0 	 0 	 0 	 
0.00009907 	 10092 	 4.4944 	 1 	 19 	 45252343 	 10913.99 	 25060195892302.000000 	 13.672000 	 10800 	 C:\z_mine\research\MEMO muppets\z_research\mup_classic\144d06_res_00.txt 	  218 	 375 	 338 	 456 	 360 	 262 	 201 	 127 	 76 	 44 	 26 	 8 	 5 	 2 	 0 	 0 	 1 	 0 	 1 	 0 	 
0.00010349 	 9662 	 4.4984 	 1 	 15 	 45081056 	 10899.82 	 25026403880601.000000 	 11.500000 	 10800 	 C:\z_mine\research\MEMO muppets\z_research\mup_classic\144d07_res_00.txt 	  238 	 355 	 316 	 438 	 394 	 287 	 217 	 93 	 71 	 41 	 24 	 14 	 7 	 4 	 1 	 0 	 0 	 0 	 0 	 0 	 
0.00694444 	 143 	 4.5144 	 1 	 17 	 23498824 	 11171.88 	 25652808970764.000000 	 10.360000 	 10800 	 C:\z_mine\research\MEMO muppets\z_research\mup_classic\144d08_res_00.txt 	  210 	 334 	 315 	 521 	 362 	 303 	 201 	 100 	 78 	 37 	 19 	 9 	 4 	 4 	 2 	 0 	 1 	 0 	 0 	 0 	 
0.00009626 	 10388 	 4.8840 	 1 	 16 	 45367988 	 11054.02 	 25382277123173.000000 	 11.718000 	 10800 	 C:\z_mine\research\MEMO muppets\z_research\mup_classic\144d09_res_00.txt 	  209 	 300 	 270 	 445 	 333 	 348 	 223 	 148 	 86 	 64 	 35 	 16 	 6 	 12 	 4 	 1 	 0 	 0 	 0 	 0 	 
1.00000000 	 0 	 4.4276 	 1 	 13 	 428685 	 211.99 	 486428536878.000000 	 2.281000 	 10800 	 C:\z_mine\research\MEMO muppets\z_research\mup_classic\162b00_res_00.txt 	  53 	 136 	 331 	 992 	 457 	 317 	 147 	 45 	 16 	 5 	 0 	 0 	 1 	 0 	 0 	 0 	 0 	 0 	 0 	 0 	 
1.00000000 	 0 	 4.4008 	 1 	 11 	 296983 	 155.29 	 356410540451.000000 	 1.625000 	 10800 	 C:\z_mine\research\MEMO muppets\z_research\mup_classic\162b01_res_00.txt 	  47 	 142 	 346 	 1002 	 470 	 283 	 137 	 45 	 23 	 4 	 1 	 0 	 0 	 0 	 0 	 0 	 0 	 0 	 0 	 0 	 
1.00000000 	 0 	 4.3924 	 1 	 11 	 747314 	 560.04 	 1285352542840.000000 	 2.844000 	 10800 	 C:\z_mine\research\MEMO muppets\z_research\mup_classic\162b02_res_00.txt 	  84 	 160 	 346 	 900 	 470 	 297 	 172 	 45 	 19 	 5 	 2 	 0 	 0 	 0 	 0 	 0 	 0 	 0 	 0 	 0 	 
1.00000000 	 0 	 4.4248 	 1 	 13 	 1017633 	 338.10 	 776063820628.000000 	 2.750000 	 10800 	 C:\z_mine\research\MEMO muppets\z_research\mup_classic\162b03_res_00.txt 	  83 	 145 	 350 	 898 	 484 	 293 	 163 	 54 	 15 	 7 	 6 	 1 	 1 	 0 	 0 	 0 	 0 	 0 	 0 	 0 	 
0.00043206 	 2314 	 4.5528 	 1 	 17 	 36133599 	 11992.78 	 27538580850059.000000 	 4.140000 	 10800 	 C:\z_mine\research\MEMO muppets\z_research\mup_classic\162b04_res_00.txt 	  126 	 206 	 310 	 754 	 454 	 293 	 189 	 76 	 40 	 27 	 11 	 6 	 1 	 4 	 2 	 0 	 1 	 0 	 0 	 0 	 
0.00007974 	 12540 	 4.5084 	 1 	 14 	 37543222 	 10837.35 	 24885633685501.000000 	 4.422000 	 10800 	 C:\z_mine\research\MEMO muppets\z_research\mup_classic\162b05_res_00.txt 	  126 	 228 	 294 	 738 	 442 	 342 	 178 	 85 	 36 	 13 	 8 	 6 	 3 	 1 	 0 	 0 	 0 	 0 	 0 	 0 	 
0.00016361 	 6111 	 4.4132 	 1 	 14 	 39750951 	 11362.20 	 26090047362056.000000 	 3.907000 	 10800 	 C:\z_mine\research\MEMO muppets\z_research\mup_classic\162b06_res_00.txt 	  131 	 223 	 301 	 796 	 430 	 320 	 183 	 73 	 21 	 9 	 6 	 3 	 3 	 1 	 0 	 0 	 0 	 0 	 0 	 0 	 
0.00044004 	 2272 	 4.5172 	 1 	 16 	 38059525 	 11004.24 	 25269386078245.000000 	 5.219000 	 10800 	 C:\z_mine\research\MEMO muppets\z_research\mup_classic\162b07_res_00.txt 	  148 	 243 	 293 	 694 	 431 	 324 	 204 	 79 	 39 	 22 	 15 	 3 	 2 	 0 	 1 	 2 	 0 	 0 	 0 	 0 	 
0.00032362 	 3089 	 4.5676 	 1 	 16 	 38493044 	 10841.31 	 24892899534239.000000 	 5.000000 	 10800 	 C:\z_mine\research\MEMO muppets\z_research\mup_classic\162b08_res_00.txt 	  154 	 219 	 287 	 655 	 459 	 346 	 214 	 91 	 41 	 18 	 7 	 4 	 1 	 1 	 0 	 3 	 0 	 0 	 0 	 0 	 
0.00041178 	 2428 	 4.4528 	 1 	 16 	 37981098 	 10950.87 	 25146715954921.000000 	 5.047000 	 10800 	 C:\z_mine\research\MEMO muppets\z_research\mup_classic\162b09_res_00.txt 	  149 	 239 	 318 	 692 	 443 	 327 	 190 	 72 	 33 	 19 	 12 	 2 	 1 	 2 	 0 	 1 	 0 	 0 	 0 	 0 	 
0.00267380 	 373 	 4.5792 	 1 	 12 	 34916192 	 11297.90 	 25941334419396.000000 	 5.828000 	 10800 	 C:\z_mine\research\MEMO muppets\z_research\mup_classic\162d00_res_00.txt 	  139 	 233 	 261 	 688 	 445 	 349 	 215 	 95 	 42 	 19 	 12 	 2 	 0 	 0 	 0 	 0 	 0 	 0 	 0 	 0 	 
0.01754386 	 56 	 4.5268 	 1 	 15 	 21791842 	 11247.48 	 25827678598115.000000 	 6.937000 	 10800 	 C:\z_mine\research\MEMO muppets\z_research\mup_classic\162d01_res_00.txt 	  135 	 233 	 323 	 687 	 415 	 336 	 214 	 79 	 42 	 13 	 14 	 5 	 1 	 2 	 1 	 0 	 0 	 0 	 0 	 0 	 
0.00493827 	 202 	 4.5496 	 1 	 14 	 35597668 	 11385.74 	 26145685633893.000000 	 7.204000 	 10800 	 C:\z_mine\research\MEMO muppets\z_research\mup_classic\162d02_res_00.txt 	  201 	 283 	 304 	 493 	 456 	 313 	 230 	 123 	 43 	 32 	 8 	 9 	 2 	 3 	 0 	 0 	 0 	 0 	 0 	 0 	 
0.00328947 	 303 	 4.2368 	 1 	 17 	 35726088 	 11078.93 	 25439206241500.000000 	 13.141000 	 10800 	 C:\z_mine\research\MEMO muppets\z_research\mup_classic\162d03_res_00.txt 	  267 	 415 	 305 	 471 	 363 	 301 	 175 	 81 	 68 	 27 	 15 	 6 	 4 	 1 	 0 	 0 	 1 	 0 	 0 	 0 	 
0.00047962 	 2084 	 3.9436 	 1 	 14 	 29758969 	 10830.46 	 24869867590447.000000 	 14.672000 	 10800 	 C:\z_mine\research\MEMO muppets\z_research\mup_classic\162d04_res_00.txt 	  268 	 428 	 384 	 528 	 370 	 242 	 152 	 75 	 36 	 10 	 5 	 1 	 0 	 1 	 0 	 0 	 0 	 0 	 0 	 0 	 
0.00009359 	 10684 	 4.3576 	 1 	 17 	 35860204 	 11036.11 	 25340722699790.000000 	 13.922000 	 10800 	 C:\z_mine\research\MEMO muppets\z_research\mup_classic\162d05_res_00.txt 	  281 	 395 	 292 	 451 	 335 	 287 	 208 	 118 	 55 	 41 	 22 	 6 	 4 	 3 	 0 	 1 	 1 	 0 	 0 	 0 	 
0.00005874 	 17023 	 3.9716 	 1 	 14 	 32658476 	 10999.34 	 25257844271406.000000 	 17.937000 	 10800 	 C:\z_mine\research\MEMO muppets\z_research\mup_classic\162d06_res_00.txt 	  278 	 439 	 394 	 485 	 360 	 253 	 140 	 80 	 33 	 17 	 10 	 8 	 2 	 1 	 0 	 0 	 0 	 0 	 0 	 0 	 
0.00018028 	 5546 	 3.8116 	 1 	 11 	 39288017 	 11007.37 	 25274782145770.000000 	 15.531000 	 10800 	 C:\z_mine\research\MEMO muppets\z_research\mup_classic\162d07_res_00.txt 	  289 	 482 	 359 	 509 	 383 	 237 	 152 	 51 	 27 	 10 	 1 	 0 	 0 	 0 	 0 	 0 	 0 	 0 	 0 	 0 	 
0.00014524 	 6884 	 4.0828 	 1 	 15 	 35828728 	 10841.80 	 24896183736131.000000 	 16.968000 	 10800 	 C:\z_mine\research\MEMO muppets\z_research\mup_classic\162d08_res_00.txt 	  290 	 432 	 340 	 480 	 328 	 277 	 189 	 78 	 40 	 20 	 16 	 5 	 3 	 1 	 1 	 0 	 0 	 0 	 0 	 0 	 
0.00026347 	 3795 	 3.8944 	 1 	 17 	 35447620 	 11090.60 	 25467330011860.000000 	 21.188000 	 10800 	 C:\z_mine\research\MEMO muppets\z_research\mup_classic\162d09_res_00.txt 	  287 	 452 	 398 	 524 	 328 	 240 	 128 	 69 	 44 	 16 	 7 	 4 	 1 	 0 	 0 	 1 	 1 	 0 	 0 	 0 	 
0.00024994 	 4000 	 4.8921 	 1 	 14 	 101319379 	 11024.59 	 25316804411182.000000 	 1.797000 	 10800 	 C:\z_mine\research\MEMO muppets\z_research\mup_classic\104050_res_00.txt 	  72 	 115 	 161 	 194 	 233 	 201 	 139 	 86 	 40 	 7 	 6 	 4 	 1 	 1 	 0 	 0 	 0 	 0 	 0 	 0 	 
0.00021363 	 4680 	 4.8270 	 1 	 18 	 111828161 	 11555.78 	 26537186268557.000000 	 2.406000 	 10800 	 C:\z_mine\research\MEMO muppets\z_research\mup_classic\104051_res_00.txt 	  77 	 128 	 142 	 225 	 237 	 187 	 121 	 76 	 44 	 9 	 7 	 2 	 1 	 2 	 1 	 0 	 0 	 1 	 0 	 0 	 
0.00016742 	 5972 	 4.7619 	 1 	 15 	 113426727 	 11208.40 	 25739998661698.000000 	 2.735000 	 10800 	 C:\z_mine\research\MEMO muppets\z_research\mup_classic\104052_res_00.txt 	  81 	 134 	 169 	 218 	 202 	 176 	 135 	 85 	 34 	 19 	 3 	 2 	 1 	 0 	 1 	 0 	 0 	 0 	 0 	 0 	 
0.00013864 	 7212 	 4.7127 	 1 	 13 	 113497263 	 11110.00 	 25513682610299.000000 	 2.891000 	 10800 	 C:\z_mine\research\MEMO muppets\z_research\mup_classic\104053_res_00.txt 	  87 	 138 	 174 	 219 	 198 	 175 	 115 	 95 	 34 	 13 	 9 	 2 	 1 	 0 	 0 	 0 	 0 	 0 	 0 	 0 	 
0.00012006 	 8328 	 4.6310 	 1 	 14 	 125330646 	 11213.65 	 25751876230058.000000 	 3.204000 	 10800 	 C:\z_mine\research\MEMO muppets\z_research\mup_classic\104054_res_00.txt 	  88 	 156 	 166 	 226 	 204 	 174 	 112 	 76 	 30 	 16 	 3 	 5 	 2 	 2 	 0 	 0 	 0 	 0 	 0 	 0 	 
0.00009541 	 10480 	 4.5452 	 1 	 14 	 136340879 	 10848.22 	 24913135253638.000000 	 3.719000 	 10800 	 C:\z_mine\research\MEMO muppets\z_research\mup_classic\104055_res_00.txt 	  95 	 157 	 175 	 238 	 198 	 153 	 119 	 66 	 35 	 14 	 5 	 4 	 0 	 1 	 0 	 0 	 0 	 0 	 0 	 0 	 
0.00007663 	 13048 	 4.4722 	 1 	 15 	 144768250 	 11063.85 	 25408237358654.000000 	 3.875000 	 10800 	 C:\z_mine\research\MEMO muppets\z_research\mup_classic\104056_res_00.txt 	  90 	 167 	 179 	 252 	 200 	 147 	 106 	 72 	 27 	 6 	 8 	 5 	 0 	 0 	 1 	 0 	 0 	 0 	 0 	 0 	 
0.00006126 	 16323 	 4.4460 	 1 	 14 	 141166747 	 11013.52 	 25291117701537.000000 	 4.672000 	 10800 	 C:\z_mine\research\MEMO muppets\z_research\mup_classic\104057_res_00.txt 	  95 	 156 	 188 	 247 	 204 	 156 	 101 	 69 	 27 	 8 	 6 	 1 	 1 	 1 	 0 	 0 	 0 	 0 	 0 	 0 	 
0.00005074 	 19706 	 4.4071 	 1 	 15 	 150135253 	 10951.67 	 25150679063688.000000 	 4.688000 	 10800 	 C:\z_mine\research\MEMO muppets\z_research\mup_classic\104058_res_00.txt 	  97 	 161 	 196 	 250 	 196 	 145 	 99 	 64 	 41 	 4 	 5 	 1 	 0 	 0 	 1 	 0 	 0 	 0 	 0 	 0 	 
0.00004388 	 22786 	 4.3611 	 1 	 13 	 151422738 	 10804.22 	 24811754394002.000000 	 5.578000 	 10800 	 C:\z_mine\research\MEMO muppets\z_research\mup_classic\104059_res_00.txt 	  102 	 159 	 214 	 242 	 176 	 163 	 107 	 45 	 32 	 13 	 5 	 1 	 1 	 0 	 0 	 0 	 0 	 0 	 0 	 0 	 
1.00000000 	 0 	 4.9968 	 1 	 15 	 129920 	 41.05 	 94261889244.000000 	 0.750000 	 10800 	 C:\z_mine\research\MEMO muppets\z_research\mup_classic\114052_res_00.txt 	  39 	 83 	 128 	 222 	 332 	 203 	 142 	 77 	 20 	 9 	 3 	 0 	 1 	 0 	 1 	 0 	 0 	 0 	 0 	 0 	 
1.00000000 	 0 	 4.9397 	 1 	 14 	 1317378 	 128.27 	 294532465254.000000 	 1.234000 	 10800 	 C:\z_mine\research\MEMO muppets\z_research\mup_classic\114053_res_00.txt 	  56 	 89 	 119 	 227 	 310 	 214 	 135 	 73 	 23 	 3 	 9 	 1 	 0 	 1 	 0 	 0 	 0 	 0 	 0 	 0 	 
1.00000000 	 0 	 4.8762 	 1 	 12 	 366607 	 125.14 	 287325545431.000000 	 1.359000 	 10800 	 C:\z_mine\research\MEMO muppets\z_research\mup_classic\114054_res_00.txt 	  53 	 96 	 124 	 247 	 295 	 211 	 128 	 74 	 16 	 11 	 4 	 1 	 0 	 0 	 0 	 0 	 0 	 0 	 0 	 0 	 
1.00000000 	 0 	 4.8048 	 1 	 13 	 5343438 	 387.62 	 890075495255.000000 	 1.343000 	 10800 	 C:\z_mine\research\MEMO muppets\z_research\mup_classic\114055_res_00.txt 	  57 	 112 	 153 	 226 	 284 	 183 	 142 	 66 	 17 	 11 	 3 	 4 	 2 	 0 	 0 	 0 	 0 	 0 	 0 	 0 	 
0.00045269 	 2208 	 4.8246 	 1 	 12 	 86015136 	 10999.62 	 25261253663820.000000 	 1.860000 	 10800 	 C:\z_mine\research\MEMO muppets\z_research\mup_classic\114056_res_00.txt 	  60 	 120 	 146 	 218 	 269 	 199 	 132 	 67 	 28 	 15 	 4 	 2 	 0 	 0 	 0 	 0 	 0 	 0 	 0 	 0 	 
0.00023872 	 4188 	 4.8008 	 1 	 12 	 87237187 	 11077.43 	 25438878730285.000000 	 1.860000 	 10800 	 C:\z_mine\research\MEMO muppets\z_research\mup_classic\114057_res_00.txt 	  71 	 110 	 143 	 220 	 277 	 189 	 143 	 61 	 31 	 7 	 4 	 4 	 0 	 0 	 0 	 0 	 0 	 0 	 0 	 0 	 
0.00011697 	 8548 	 4.7833 	 1 	 12 	 99299902 	 11191.79 	 25702445148924.000000 	 2.562000 	 10800 	 C:\z_mine\research\MEMO muppets\z_research\mup_classic\114058_res_00.txt 	  75 	 110 	 147 	 236 	 262 	 166 	 141 	 81 	 22 	 14 	 4 	 2 	 0 	 0 	 0 	 0 	 0 	 0 	 0 	 0 	 
0.00008690 	 11506 	 4.7484 	 1 	 13 	 89822108 	 10974.02 	 25201602198043.000000 	 2.359000 	 10800 	 C:\z_mine\research\MEMO muppets\z_research\mup_classic\114059_res_00.txt 	  71 	 131 	 155 	 238 	 231 	 172 	 145 	 71 	 14 	 22 	 4 	 5 	 1 	 0 	 0 	 0 	 0 	 0 	 0 	 0 	 
0.00006887 	 14520 	 4.6937 	 1 	 13 	 91208550 	 10989.82 	 25237649580767.000000 	 2.531000 	 10800 	 C:\z_mine\research\MEMO muppets\z_research\mup_classic\114060_res_00.txt 	  78 	 134 	 157 	 212 	 250 	 179 	 140 	 74 	 20 	 7 	 6 	 2 	 1 	 0 	 0 	 0 	 0 	 0 	 0 	 0 	 
0.00005182 	 19298 	 4.7270 	 1 	 16 	 96685678 	 11050.75 	 25376406043528.000000 	 3.359000 	 10800 	 C:\z_mine\research\MEMO muppets\z_research\mup_classic\114061_res_00.txt 	  79 	 137 	 141 	 263 	 220 	 171 	 120 	 63 	 33 	 15 	 13 	 1 	 2 	 1 	 0 	 1 	 0 	 0 	 0 	 0 	 
1.00000000 	 0 	 4.2484 	 1 	 11 	 721281 	 145.04 	 333072492485.000000 	 2.000000 	 10800 	 C:\z_mine\research\MEMO muppets\z_research\mup_classic\128078_res_00.txt 	  79 	 154 	 186 	 303 	 254 	 137 	 98 	 30 	 13 	 5 	 1 	 0 	 0 	 0 	 0 	 0 	 0 	 0 	 0 	 0 	 
1.00000000 	 0 	 4.2214 	 1 	 11 	 893105 	 147.03 	 337399701648.000000 	 2.875000 	 10800 	 C:\z_mine\research\MEMO muppets\z_research\mup_classic\128079_res_00.txt 	  85 	 164 	 185 	 286 	 239 	 156 	 102 	 30 	 9 	 3 	 1 	 0 	 0 	 0 	 0 	 0 	 0 	 0 	 0 	 0 	 
1.00000000 	 0 	 4.1873 	 1 	 11 	 12728755 	 939.43 	 2156544109585.000000 	 2.500000 	 10800 	 C:\z_mine\research\MEMO muppets\z_research\mup_classic\128080_res_00.txt 	  95 	 160 	 192 	 276 	 251 	 154 	 77 	 41 	 7 	 5 	 2 	 0 	 0 	 0 	 0 	 0 	 0 	 0 	 0 	 0 	 
1.00000000 	 0 	 4.1468 	 1 	 12 	 8624456 	 668.98 	 1535546532841.000000 	 3.484000 	 10800 	 C:\z_mine\research\MEMO muppets\z_research\mup_classic\128081_res_00.txt 	  102 	 182 	 171 	 289 	 232 	 139 	 92 	 37 	 8 	 5 	 2 	 1 	 0 	 0 	 0 	 0 	 0 	 0 	 0 	 0 	 
1.00000000 	 0 	 4.1119 	 1 	 12 	 2613191 	 302.49 	 694275973128.000000 	 3.265000 	 10800 	 C:\z_mine\research\MEMO muppets\z_research\mup_classic\128082_res_00.txt 	  110 	 171 	 202 	 266 	 227 	 152 	 79 	 36 	 5 	 8 	 2 	 2 	 0 	 0 	 0 	 0 	 0 	 0 	 0 	 0 	 
0.00022967 	 4353 	 4.1079 	 1 	 11 	 103330915 	 10971.87 	 25195200939749.000000 	 4.000000 	 10800 	 C:\z_mine\research\MEMO muppets\z_research\mup_classic\128083_res_00.txt 	  106 	 198 	 179 	 272 	 221 	 130 	 96 	 39 	 11 	 7 	 1 	 0 	 0 	 0 	 0 	 0 	 0 	 0 	 0 	 0 	 
0.00011557 	 8652 	 4.0722 	 1 	 12 	 93159868 	 10884.54 	 24995145645096.000000 	 4.265000 	 10800 	 C:\z_mine\research\MEMO muppets\z_research\mup_classic\128084_res_00.txt 	  112 	 180 	 201 	 274 	 212 	 147 	 82 	 32 	 14 	 5 	 0 	 1 	 0 	 0 	 0 	 0 	 0 	 0 	 0 	 0 	 
0.00008012 	 12480 	 4.0349 	 1 	 11 	 94314524 	 10904.42 	 25039034260132.000000 	 5.125000 	 10800 	 C:\z_mine\research\MEMO muppets\z_research\mup_classic\128085_res_00.txt 	  119 	 208 	 203 	 235 	 206 	 138 	 95 	 35 	 15 	 4 	 2 	 0 	 0 	 0 	 0 	 0 	 0 	 0 	 0 	 0 	 
0.00003779 	 26464 	 4.0484 	 1 	 12 	 95198904 	 10830.52 	 24871200816125.000000 	 4.860000 	 10800 	 C:\z_mine\research\MEMO muppets\z_research\mup_classic\128086_res_00.txt 	  119 	 209 	 194 	 243 	 207 	 141 	 85 	 38 	 14 	 7 	 2 	 1 	 0 	 0 	 0 	 0 	 0 	 0 	 0 	 0 	 
0.00002875 	 34776 	 4.0238 	 1 	 13 	 98635036 	 11033.54 	 25334995628165.000000 	 4.985000 	 10800 	 C:\z_mine\research\MEMO muppets\z_research\mup_classic\128087_res_00.txt 	  120 	 201 	 211 	 256 	 197 	 125 	 77 	 50 	 16 	 6 	 0 	 0 	 1 	 0 	 0 	 0 	 0 	 0 	 0 	 0 	 
1.00000000 	 0 	 4.2635 	 1 	 10 	 148481 	 38.44 	 88267431231.000000 	 0.750000 	 10800 	 C:\z_mine\research\MEMO muppets\z_research\mup_classic\144079_res_00.txt 	  34 	 84 	 216 	 444 	 247 	 153 	 66 	 14 	 1 	 1 	 0 	 0 	 0 	 0 	 0 	 0 	 0 	 0 	 0 	 0 	 
1.00000000 	 0 	 4.3587 	 1 	 9 	 169516 	 35.76 	 82118254377.000000 	 0.704000 	 10800 	 C:\z_mine\research\MEMO muppets\z_research\mup_classic\144080_res_00.txt 	  33 	 78 	 168 	 477 	 249 	 163 	 71 	 18 	 3 	 0 	 0 	 0 	 0 	 0 	 0 	 0 	 0 	 0 	 0 	 0 	 
1.00000000 	 0 	 4.3135 	 1 	 14 	 320087 	 65.04 	 149360630247.000000 	 1.031000 	 10800 	 C:\z_mine\research\MEMO muppets\z_research\mup_classic\144081_res_00.txt 	  42 	 95 	 173 	 460 	 246 	 141 	 74 	 18 	 8 	 2 	 0 	 0 	 0 	 1 	 0 	 0 	 0 	 0 	 0 	 0 	 
1.00000000 	 0 	 4.4167 	 1 	 13 	 43707515 	 9846.04 	 22608435085612.000000 	 1.625000 	 10800 	 C:\z_mine\research\MEMO muppets\z_research\mup_classic\144082_res_00.txt 	  54 	 104 	 180 	 395 	 232 	 158 	 80 	 28 	 14 	 9 	 1 	 1 	 4 	 0 	 0 	 0 	 0 	 0 	 0 	 0 	 
0.00038314 	 2609 	 4.3190 	 1 	 11 	 49988490 	 11443.99 	 26277152572556.000000 	 2.016000 	 10800 	 C:\z_mine\research\MEMO muppets\z_research\mup_classic\144083_res_00.txt 	  51 	 97 	 188 	 424 	 235 	 149 	 81 	 21 	 9 	 3 	 2 	 0 	 0 	 0 	 0 	 0 	 0 	 0 	 0 	 0 	 
0.00018073 	 5532 	 4.3556 	 1 	 14 	 54098107 	 11188.07 	 25690889743210.000000 	 1.625000 	 10800 	 C:\z_mine\research\MEMO muppets\z_research\mup_classic\144084_res_00.txt 	  54 	 98 	 187 	 409 	 237 	 153 	 78 	 24 	 9 	 6 	 3 	 1 	 0 	 1 	 0 	 0 	 0 	 0 	 0 	 0 	 
0.00010187 	 9815 	 4.3325 	 1 	 12 	 59210267 	 11464.41 	 26324450520352.000000 	 2.032000 	 10800 	 C:\z_mine\research\MEMO muppets\z_research\mup_classic\144085_res_00.txt 	  55 	 114 	 168 	 392 	 255 	 162 	 75 	 28 	 5 	 4 	 1 	 1 	 0 	 0 	 0 	 0 	 0 	 0 	 0 	 0 	 
0.00006868 	 14560 	 4.3103 	 1 	 13 	 58039078 	 10946.97 	 25135421554343.000000 	 1.937000 	 10800 	 C:\z_mine\research\MEMO muppets\z_research\mup_classic\144086_res_00.txt 	  68 	 112 	 174 	 376 	 248 	 161 	 80 	 31 	 5 	 3 	 1 	 0 	 1 	 0 	 0 	 0 	 0 	 0 	 0 	 0 	 
0.00005707 	 17520 	 4.2500 	 1 	 16 	 63038950 	 11588.80 	 26608334768387.000000 	 1.985000 	 10800 	 C:\z_mine\research\MEMO muppets\z_research\mup_classic\144087_res_00.txt 	  73 	 118 	 193 	 370 	 226 	 159 	 87 	 24 	 6 	 1 	 2 	 0 	 0 	 0 	 0 	 1 	 0 	 0 	 0 	 0 	 
0.00003466 	 28848 	 4.3325 	 1 	 14 	 54351193 	 11134.19 	 25565173106843.000000 	 2.360000 	 10800 	 C:\z_mine\research\MEMO muppets\z_research\mup_classic\144088_res_00.txt 	  71 	 143 	 170 	 347 	 226 	 159 	 84 	 36 	 11 	 4 	 5 	 3 	 0 	 1 	 0 	 0 	 0 	 0 	 0 	 0 	 
1.00000000 	 0 	 4.2913 	 1 	 11 	 360599 	 41.45 	 95169137133.000000 	 0.703000 	 10800 	 C:\z_mine\research\MEMO muppets\z_research\mup_classic\162093_res_00.txt 	  26 	 70 	 192 	 532 	 227 	 126 	 62 	 16 	 7 	 1 	 1 	 0 	 0 	 0 	 0 	 0 	 0 	 0 	 0 	 0 	 
1.00000000 	 0 	 4.2421 	 1 	 10 	 227493 	 40.04 	 91949758477.000000 	 0.797000 	 10800 	 C:\z_mine\research\MEMO muppets\z_research\mup_classic\162094_res_00.txt 	  36 	 84 	 187 	 514 	 222 	 135 	 60 	 15 	 6 	 1 	 0 	 0 	 0 	 0 	 0 	 0 	 0 	 0 	 0 	 0 	 
1.00000000 	 0 	 4.2254 	 1 	 10 	 269319 	 69.81 	 160264405205.000000 	 1.031000 	 10800 	 C:\z_mine\research\MEMO muppets\z_research\mup_classic\162095_res_00.txt 	  47 	 78 	 200 	 496 	 219 	 131 	 63 	 20 	 5 	 1 	 0 	 0 	 0 	 0 	 0 	 0 	 0 	 0 	 0 	 0 	 
1.00000000 	 0 	 4.2619 	 1 	 12 	 2247251 	 162.28 	 372714449850.000000 	 0.844000 	 10800 	 C:\z_mine\research\MEMO muppets\z_research\mup_classic\162096_res_00.txt 	  40 	 81 	 179 	 507 	 230 	 141 	 62 	 15 	 2 	 0 	 1 	 2 	 0 	 0 	 0 	 0 	 0 	 0 	 0 	 0 	 
1.00000000 	 0 	 4.2262 	 1 	 12 	 2461369 	 221.64 	 509017563041.000000 	 1.688000 	 10800 	 C:\z_mine\research\MEMO muppets\z_research\mup_classic\162097_res_00.txt 	  54 	 95 	 201 	 445 	 235 	 136 	 62 	 21 	 9 	 0 	 0 	 2 	 0 	 0 	 0 	 0 	 0 	 0 	 0 	 0 	 
0.00024278 	 4118 	 4.3159 	 1 	 12 	 43879183 	 11509.18 	 26426031712029.000000 	 1.938000 	 10800 	 C:\z_mine\research\MEMO muppets\z_research\mup_classic\162098_res_00.txt 	  51 	 103 	 170 	 449 	 233 	 137 	 78 	 22 	 7 	 8 	 1 	 1 	 0 	 0 	 0 	 0 	 0 	 0 	 0 	 0 	 
0.00015129 	 6609 	 4.2817 	 1 	 13 	 48353813 	 11029.62 	 25323808271487.000000 	 1.485000 	 10800 	 C:\z_mine\research\MEMO muppets\z_research\mup_classic\162099_res_00.txt 	  59 	 84 	 187 	 465 	 224 	 128 	 75 	 22 	 10 	 2 	 1 	 2 	 1 	 0 	 0 	 0 	 0 	 0 	 0 	 0 	 
0.00010416 	 9600 	 4.2183 	 1 	 11 	 50873389 	 11863.88 	 27240120879753.000000 	 1.579000 	 10800 	 C:\z_mine\research\MEMO muppets\z_research\mup_classic\162100_res_00.txt 	  54 	 108 	 184 	 430 	 246 	 154 	 64 	 13 	 4 	 2 	 1 	 0 	 0 	 0 	 0 	 0 	 0 	 0 	 0 	 0 	 
0.00006700 	 14924 	 4.2786 	 1 	 10 	 47547659 	 10803.54 	 24803682394318.000000 	 1.985000 	 10800 	 C:\z_mine\research\MEMO muppets\z_research\mup_classic\162101_res_00.txt 	  50 	 104 	 187 	 426 	 238 	 157 	 65 	 20 	 9 	 4 	 0 	 0 	 0 	 0 	 0 	 0 	 0 	 0 	 0 	 0 	 
0.00005904 	 16938 	 4.2500 	 1 	 10 	 45959951 	 11024.51 	 25312346002282.000000 	 2.000000 	 10800 	 C:\z_mine\research\MEMO muppets\z_research\mup_classic\162102_res_00.txt 	  73 	 103 	 180 	 406 	 241 	 155 	 59 	 28 	 10 	 5 	 0 	 0 	 0 	 0 	 0 	 0 	 0 	 0 	 0 	 0 	 
1.00000000 	 0 	 4.2780 	 1 	 12 	 4112988 	 1158.14 	 2658904250577.000000 	 8.140000 	 10800 	 C:\z_mine\research\MEMO muppets\z_research\mup_classic\g120b00_res_00.txt 	  203 	 367 	 365 	 459 	 409 	 339 	 203 	 94 	 39 	 19 	 2 	 1 	 0 	 0 	 0 	 0 	 0 	 0 	 0 	 0 	 
1.00000000 	 0 	 4.2276 	 1 	 13 	 7159995 	 1258.37 	 2889246400798.000000 	 7.360000 	 10800 	 C:\z_mine\research\MEMO muppets\z_research\mup_classic\g120b01_res_00.txt 	  217 	 346 	 399 	 461 	 434 	 296 	 182 	 106 	 45 	 11 	 1 	 1 	 1 	 0 	 0 	 0 	 0 	 0 	 0 	 0 	 
1.00000000 	 0 	 4.2064 	 1 	 13 	 5104364 	 1736.85 	 3987411080491.000000 	 8.234000 	 10800 	 C:\z_mine\research\MEMO muppets\z_research\mup_classic\g120b02_res_00.txt 	  216 	 357 	 421 	 437 	 426 	 297 	 194 	 96 	 33 	 15 	 7 	 0 	 1 	 0 	 0 	 0 	 0 	 0 	 0 	 0 	 
0.00574713 	 173 	 4.1876 	 1 	 12 	 53340850 	 10880.21 	 24980696720777.000000 	 10.062000 	 10800 	 C:\z_mine\research\MEMO muppets\z_research\mup_classic\g120b03_res_00.txt 	  254 	 391 	 400 	 395 	 383 	 305 	 181 	 106 	 66 	 11 	 7 	 1 	 0 	 0 	 0 	 0 	 0 	 0 	 0 	 0 	 
0.00018016 	 5550 	 4.0344 	 1 	 11 	 95252453 	 10869.45 	 24955094909065.000000 	 11.703000 	 10800 	 C:\z_mine\research\MEMO muppets\z_research\mup_classic\g120b04_res_00.txt 	  223 	 419 	 433 	 470 	 396 	 253 	 157 	 102 	 38 	 8 	 1 	 0 	 0 	 0 	 0 	 0 	 0 	 0 	 0 	 0 	 
0.00028241 	 3540 	 4.0608 	 1 	 11 	 94839154 	 10924.85 	 25082882548534.000000 	 12.454000 	 10800 	 C:\z_mine\research\MEMO muppets\z_research\mup_classic\g120b05_res_00.txt 	  232 	 405 	 451 	 422 	 376 	 313 	 162 	 88 	 38 	 12 	 1 	 0 	 0 	 0 	 0 	 0 	 0 	 0 	 0 	 0 	 
0.00003985 	 25094 	 4.0640 	 1 	 11 	 54084382 	 10808.15 	 24814430242446.000000 	 14.297000 	 10800 	 C:\z_mine\research\MEMO muppets\z_research\mup_classic\g120b06_res_00.txt 	  225 	 408 	 452 	 423 	 381 	 304 	 178 	 77 	 41 	 10 	 1 	 0 	 0 	 0 	 0 	 0 	 0 	 0 	 0 	 0 	 
0.00002841 	 35200 	 4.0924 	 1 	 10 	 76560689 	 10806.33 	 24811210299251.000000 	 14.656000 	 10800 	 C:\z_mine\research\MEMO muppets\z_research\mup_classic\g120b07_res_00.txt 	  224 	 357 	 434 	 485 	 423 	 278 	 177 	 76 	 39 	 7 	 0 	 0 	 0 	 0 	 0 	 0 	 0 	 0 	 0 	 0 	 
0.00001830 	 54632 	 4.0524 	 1 	 10 	 72925366 	 10842.43 	 24893359170307.000000 	 16.563000 	 10800 	 C:\z_mine\research\MEMO muppets\z_research\mup_classic\g120b08_res_00.txt 	  218 	 374 	 468 	 459 	 416 	 281 	 164 	 74 	 41 	 5 	 0 	 0 	 0 	 0 	 0 	 0 	 0 	 0 	 0 	 0 	 
0.00002178 	 45919 	 4.0568 	 1 	 10 	 69891724 	 10953.92 	 25150436941458.000000 	 16.563000 	 10800 	 C:\z_mine\research\MEMO muppets\z_research\mup_classic\g120b09_res_00.txt 	  244 	 384 	 431 	 456 	 395 	 284 	 172 	 90 	 30 	 14 	 0 	 0 	 0 	 0 	 0 	 0 	 0 	 0 	 0 	 0 	 
0.00003980 	 25122 	 3.9924 	 1 	 11 	 65354317 	 10855.00 	 24920730773482.000000 	 19.625000 	 10800 	 C:\z_mine\research\MEMO muppets\z_research\mup_classic\g120d00_res_00.txt 	  253 	 368 	 459 	 477 	 393 	 283 	 152 	 71 	 30 	 12 	 2 	 0 	 0 	 0 	 0 	 0 	 0 	 0 	 0 	 0 	 
0.00003395 	 29456 	 4.1436 	 1 	 14 	 57090064 	 10807.10 	 24812935031852.000000 	 19.703000 	 10800 	 C:\z_mine\research\MEMO muppets\z_research\mup_classic\g120d01_res_00.txt 	  227 	 386 	 420 	 442 	 396 	 300 	 172 	 89 	 53 	 11 	 1 	 2 	 0 	 1 	 0 	 0 	 0 	 0 	 0 	 0 	 
0.00017929 	 5576 	 4.1808 	 1 	 11 	 7251702 	 10836.60 	 24880340227436.000000 	 13.812000 	 10800 	 C:\z_mine\research\MEMO muppets\z_research\mup_classic\g120d02_res_00.txt 	  221 	 371 	 416 	 422 	 448 	 279 	 181 	 111 	 31 	 15 	 5 	 0 	 0 	 0 	 0 	 0 	 0 	 0 	 0 	 0 	 
0.00004666 	 21428 	 4.0964 	 1 	 11 	 66901960 	 10879.98 	 24980347397141.000000 	 18.813000 	 10800 	 C:\z_mine\research\MEMO muppets\z_research\mup_classic\g120d03_res_00.txt 	  227 	 370 	 447 	 493 	 362 	 277 	 171 	 98 	 43 	 11 	 1 	 0 	 0 	 0 	 0 	 0 	 0 	 0 	 0 	 0 	 
0.00011233 	 8902 	 4.1688 	 1 	 10 	 66907063 	 10978.08 	 25205325984301.000000 	 16.719000 	 10800 	 C:\z_mine\research\MEMO muppets\z_research\mup_classic\g120d04_res_00.txt 	  214 	 354 	 454 	 464 	 373 	 288 	 197 	 106 	 38 	 12 	 0 	 0 	 0 	 0 	 0 	 0 	 0 	 0 	 0 	 0 	 
0.00006335 	 15785 	 4.1300 	 1 	 12 	 62985885 	 10853.66 	 24921948417107.000000 	 21.094000 	 10800 	 C:\z_mine\research\MEMO muppets\z_research\mup_classic\g120d05_res_00.txt 	  209 	 382 	 471 	 418 	 397 	 303 	 172 	 93 	 41 	 8 	 5 	 1 	 0 	 0 	 0 	 0 	 0 	 0 	 0 	 0 	 
0.00009376 	 10664 	 4.2328 	 1 	 12 	 9800523 	 10818.69 	 24840135852422.000000 	 14.890000 	 10800 	 C:\z_mine\research\MEMO muppets\z_research\mup_classic\g120d06_res_00.txt 	  215 	 343 	 450 	 443 	 391 	 285 	 186 	 116 	 51 	 17 	 1 	 2 	 0 	 0 	 0 	 0 	 0 	 0 	 0 	 0 	 
0.00021017 	 4757 	 4.4308 	 1 	 14 	 48557185 	 10824.56 	 24855851377503.000000 	 22.093000 	 10800 	 C:\z_mine\research\MEMO muppets\z_research\mup_classic\g120d07_res_00.txt 	  241 	 364 	 396 	 413 	 317 	 270 	 191 	 145 	 95 	 47 	 13 	 7 	 0 	 1 	 0 	 0 	 0 	 0 	 0 	 0 	 
0.00027801 	 3596 	 4.3284 	 1 	 16 	 58705842 	 10984.53 	 25221918805704.000000 	 17.485000 	 10800 	 C:\z_mine\research\MEMO muppets\z_research\mup_classic\g120d08_res_00.txt 	  247 	 353 	 413 	 408 	 345 	 278 	 207 	 147 	 58 	 32 	 11 	 0 	 0 	 0 	 0 	 1 	 0 	 0 	 0 	 0 	 
0.00005854 	 17081 	 4.5492 	 1 	 16 	 46557238 	 10804.17 	 24809278857651.000000 	 21.343000 	 10800 	 C:\z_mine\research\MEMO muppets\z_research\mup_classic\g120d09_res_00.txt 	  242 	 370 	 374 	 362 	 354 	 263 	 190 	 150 	 87 	 60 	 28 	 12 	 6 	 1 	 0 	 1 	 0 	 0 	 0 	 0 	 
1.00000000 	 0 	 4.2222 	 1 	 11 	 717359 	 151.76 	 348300013942.000000 	 2.766000 	 10800 	 C:\z_mine\research\MEMO muppets\z_research\mup_classic\g120074_res_00.txt 	  112 	 164 	 194 	 238 	 227 	 164 	 93 	 42 	 21 	 4 	 1 	 0 	 0 	 0 	 0 	 0 	 0 	 0 	 0 	 0 	 
1.00000000 	 0 	 4.1921 	 1 	 10 	 33693491 	 2523.21 	 5793453063189.000000 	 4.000000 	 10800 	 C:\z_mine\research\MEMO muppets\z_research\mup_classic\g120075_res_00.txt 	  107 	 173 	 203 	 233 	 231 	 156 	 89 	 44 	 18 	 6 	 0 	 0 	 0 	 0 	 0 	 0 	 0 	 0 	 0 	 0 	 
0.00098328 	 1016 	 4.1492 	 1 	 11 	 122157085 	 10941.89 	 25124224261997.000000 	 3.437000 	 10800 	 C:\z_mine\research\MEMO muppets\z_research\mup_classic\g120076_res_00.txt 	  116 	 179 	 207 	 231 	 213 	 150 	 95 	 48 	 16 	 4 	 1 	 0 	 0 	 0 	 0 	 0 	 0 	 0 	 0 	 0 	 
0.00057571 	 1736 	 4.1048 	 1 	 11 	 135039622 	 10854.79 	 24925771288042.000000 	 4.094000 	 10800 	 C:\z_mine\research\MEMO muppets\z_research\mup_classic\g120077_res_00.txt 	  118 	 186 	 216 	 229 	 204 	 150 	 92 	 41 	 16 	 6 	 2 	 0 	 0 	 0 	 0 	 0 	 0 	 0 	 0 	 0 	 
0.00042717 	 2340 	 4.0587 	 1 	 10 	 139629867 	 10859.88 	 24936967858479.000000 	 4.875000 	 10800 	 C:\z_mine\research\MEMO muppets\z_research\mup_classic\g120078_res_00.txt 	  119 	 193 	 223 	 229 	 197 	 143 	 93 	 42 	 16 	 5 	 0 	 0 	 0 	 0 	 0 	 0 	 0 	 0 	 0 	 0 	 
0.00018716 	 5342 	 4.0190 	 1 	 10 	 143873175 	 10837.34 	 24885619557709.000000 	 5.547000 	 10800 	 C:\z_mine\research\MEMO muppets\z_research\mup_classic\g120079_res_00.txt 	  120 	 195 	 230 	 228 	 199 	 144 	 83 	 41 	 16 	 4 	 0 	 0 	 0 	 0 	 0 	 0 	 0 	 0 	 0 	 0 	 
0.00006579 	 15200 	 4.0302 	 1 	 10 	 146721961 	 11040.56 	 25352593680789.000000 	 4.484000 	 10800 	 C:\z_mine\research\MEMO muppets\z_research\mup_classic\g120080_res_00.txt 	  120 	 196 	 227 	 226 	 203 	 141 	 82 	 44 	 16 	 5 	 0 	 0 	 0 	 0 	 0 	 0 	 0 	 0 	 0 	 0 	 
0.00004838 	 20667 	 4.0063 	 1 	 10 	 148241721 	 10835.30 	 24881158128075.000000 	 5.094000 	 10800 	 C:\z_mine\research\MEMO muppets\z_research\mup_classic\g120081_res_00.txt 	  120 	 196 	 232 	 231 	 198 	 140 	 82 	 41 	 16 	 4 	 0 	 0 	 0 	 0 	 0 	 0 	 0 	 0 	 0 	 0 	 
0.00003349 	 29858 	 4.0032 	 1 	 10 	 148516562 	 10982.59 	 25218035903537.000000 	 5.750000 	 10800 	 C:\z_mine\research\MEMO muppets\z_research\mup_classic\g120082_res_00.txt 	  120 	 196 	 232 	 232 	 200 	 139 	 79 	 41 	 17 	 4 	 0 	 0 	 0 	 0 	 0 	 0 	 0 	 0 	 0 	 0 	 
0.00002313 	 43227 	 4.0048 	 1 	 10 	 147489409 	 10839.72 	 24891268242654.000000 	 6.187000 	 10800 	 C:\z_mine\research\MEMO muppets\z_research\mup_classic\g120083_res_00.txt 	  120 	 196 	 232 	 232 	 198 	 139 	 82 	 41 	 16 	 4 	 0 	 0 	 0 	 0 	 0 	 0 	 0 	 0 	 0 	 0 	 
