0.00060006 	 1665 	 5.0672 	 1 	 15 	 77672015 	 10800.40 	 24799690143992.000000 	 4.360000 	 10800 	 C:\z_mine\research\MEMO muppets\z_research\mup_single\104b00_res_00.txt 	  112 	 233 	 305 	 397 	 439 	 373 	 282 	 177 	 105 	 45 	 21 	 8 	 1 	 1 	 1 	 0 	 0 	 0 	 0 	 0 	 
0.00075386 	 1326 	 5.0464 	 1 	 13 	 84816850 	 10829.79 	 24865495746171.000000 	 3.781000 	 10800 	 C:\z_mine\research\MEMO muppets\z_research\mup_single\104b01_res_00.txt 	  124 	 237 	 260 	 419 	 463 	 368 	 292 	 160 	 99 	 49 	 19 	 5 	 5 	 0 	 0 	 0 	 0 	 0 	 0 	 0 	 
0.00199800 	 500 	 5.0224 	 1 	 16 	 77991466 	 10803.78 	 24806749420032.000000 	 3.687000 	 10800 	 C:\z_mine\research\MEMO muppets\z_research\mup_single\104b02_res_00.txt 	  145 	 241 	 276 	 411 	 437 	 370 	 270 	 182 	 77 	 40 	 23 	 15 	 6 	 4 	 2 	 1 	 0 	 0 	 0 	 0 	 
0.00030409 	 3287 	 4.8752 	 1 	 15 	 89451919 	 10834.68 	 24872922816976.000000 	 4.313000 	 10800 	 C:\z_mine\research\MEMO muppets\z_research\mup_single\104b03_res_00.txt 	  162 	 256 	 314 	 431 	 426 	 314 	 257 	 168 	 97 	 37 	 21 	 9 	 4 	 3 	 1 	 0 	 0 	 0 	 0 	 0 	 
0.00037622 	 2657 	 4.9924 	 1 	 18 	 81695470 	 10823.09 	 24850577560518.000000 	 3.890000 	 10800 	 C:\z_mine\research\MEMO muppets\z_research\mup_single\104b04_res_00.txt 	  142 	 224 	 328 	 393 	 422 	 378 	 270 	 181 	 86 	 36 	 18 	 13 	 3 	 3 	 1 	 0 	 1 	 1 	 0 	 0 	 
0.00019782 	 5054 	 4.8720 	 1 	 15 	 84875286 	 10805.90 	 24809611938469.000000 	 5.359000 	 10800 	 C:\z_mine\research\MEMO muppets\z_research\mup_single\104b05_res_00.txt 	  162 	 258 	 320 	 423 	 388 	 359 	 265 	 161 	 95 	 31 	 20 	 10 	 5 	 2 	 1 	 0 	 0 	 0 	 0 	 0 	 
0.00023221 	 4306 	 4.8952 	 1 	 16 	 92915967 	 10839.93 	 24888336598366.000000 	 4.688000 	 10800 	 C:\z_mine\research\MEMO muppets\z_research\mup_single\104b06_res_00.txt 	  157 	 266 	 311 	 388 	 416 	 374 	 260 	 164 	 83 	 51 	 19 	 6 	 2 	 2 	 0 	 1 	 0 	 0 	 0 	 0 	 
0.00016488 	 6064 	 4.6988 	 1 	 19 	 96058480 	 10829.11 	 24862292308789.000000 	 5.891000 	 10800 	 C:\z_mine\research\MEMO muppets\z_research\mup_single\104b07_res_00.txt 	  188 	 284 	 335 	 433 	 391 	 335 	 245 	 144 	 81 	 37 	 14 	 7 	 4 	 1 	 0 	 0 	 0 	 0 	 1 	 0 	 
0.00010121 	 9879 	 4.6272 	 1 	 18 	 106223539 	 10816.82 	 24832237455356.000000 	 6.204000 	 10800 	 C:\z_mine\research\MEMO muppets\z_research\mup_single\104b08_res_00.txt 	  184 	 318 	 387 	 448 	 356 	 287 	 218 	 142 	 80 	 36 	 17 	 10 	 7 	 4 	 1 	 4 	 0 	 1 	 0 	 0 	 
0.00006364 	 15712 	 4.4760 	 1 	 17 	 120352528 	 10809.64 	 24815210962795.000000 	 8.500000 	 10800 	 C:\z_mine\research\MEMO muppets\z_research\mup_single\104b09_res_00.txt 	  200 	 346 	 350 	 506 	 352 	 287 	 194 	 127 	 68 	 39 	 18 	 7 	 3 	 2 	 0 	 0 	 1 	 0 	 0 	 0 	 
0.00009033 	 11070 	 4.6952 	 1 	 16 	 119504462 	 10800.38 	 24794410614865.000000 	 9.484000 	 10800 	 C:\z_mine\research\MEMO muppets\z_research\mup_single\104d00_res_00.txt 	  213 	 309 	 381 	 404 	 319 	 314 	 208 	 153 	 96 	 51 	 24 	 19 	 5 	 3 	 0 	 1 	 0 	 0 	 0 	 0 	 
0.00003696 	 27057 	 4.3432 	 1 	 13 	 137746629 	 10812.72 	 24821259286190.000000 	 11.515000 	 10800 	 C:\z_mine\research\MEMO muppets\z_research\mup_single\104d01_res_00.txt 	  198 	 341 	 451 	 465 	 334 	 291 	 196 	 117 	 56 	 33 	 12 	 3 	 3 	 0 	 0 	 0 	 0 	 0 	 0 	 0 	 
0.00016450 	 6078 	 4.8976 	 1 	 21 	 87308464 	 10821.27 	 24842056266543.000000 	 15.188000 	 10800 	 C:\z_mine\research\MEMO muppets\z_research\mup_single\104d02_res_00.txt 	  207 	 308 	 343 	 462 	 336 	 238 	 195 	 145 	 85 	 60 	 45 	 26 	 20 	 11 	 4 	 5 	 4 	 2 	 1 	 3 	 
0.00009356 	 10688 	 4.5096 	 1 	 15 	 138822723 	 10814.06 	 24824976482466.000000 	 10.203000 	 10800 	 C:\z_mine\research\MEMO muppets\z_research\mup_single\104d03_res_00.txt 	  192 	 307 	 364 	 466 	 383 	 348 	 216 	 107 	 68 	 26 	 13 	 6 	 3 	 0 	 1 	 0 	 0 	 0 	 0 	 0 	 
0.00016688 	 5992 	 4.7968 	 1 	 16 	 119998702 	 10811.60 	 24820546660473.000000 	 10.016000 	 10800 	 C:\z_mine\research\MEMO muppets\z_research\mup_single\104d04_res_00.txt 	  176 	 338 	 377 	 405 	 316 	 274 	 232 	 161 	 97 	 55 	 28 	 22 	 11 	 6 	 1 	 1 	 0 	 0 	 0 	 0 	 
0.00034795 	 2873 	 4.8136 	 1 	 19 	 105496134 	 10820.00 	 24840087756166.000000 	 6.609000 	 10800 	 C:\z_mine\research\MEMO muppets\z_research\mup_single\104d05_res_00.txt 	  178 	 280 	 329 	 429 	 398 	 319 	 246 	 139 	 90 	 36 	 29 	 8 	 8 	 5 	 3 	 2 	 0 	 0 	 1 	 0 	 
0.00028409 	 3519 	 4.9920 	 1 	 15 	 102049640 	 10827.58 	 24853920118020.000000 	 8.000000 	 10800 	 C:\z_mine\research\MEMO muppets\z_research\mup_single\104d06_res_00.txt 	  172 	 292 	 332 	 354 	 366 	 311 	 257 	 183 	 101 	 61 	 37 	 22 	 7 	 3 	 2 	 0 	 0 	 0 	 0 	 0 	 
0.00141844 	 704 	 5.3028 	 1 	 19 	 86827836 	 10821.89 	 24845253307429.000000 	 6.265000 	 10800 	 C:\z_mine\research\MEMO muppets\z_research\mup_single\104d07_res_00.txt 	  159 	 238 	 327 	 398 	 319 	 304 	 235 	 173 	 132 	 95 	 53 	 29 	 18 	 10 	 6 	 2 	 1 	 0 	 1 	 0 	 
0.00028703 	 3483 	 4.6892 	 1 	 18 	 117182452 	 10809.64 	 24817106381174.000000 	 6.672000 	 10800 	 C:\z_mine\research\MEMO muppets\z_research\mup_single\104d08_res_00.txt 	  170 	 305 	 377 	 477 	 373 	 259 	 220 	 151 	 68 	 40 	 28 	 18 	 4 	 4 	 5 	 0 	 0 	 1 	 0 	 0 	 
0.00014252 	 7016 	 4.4360 	 1 	 13 	 127753741 	 10817.28 	 24834088741743.000000 	 9.203000 	 10800 	 C:\z_mine\research\MEMO muppets\z_research\mup_single\104d09_res_00.txt 	  177 	 366 	 345 	 476 	 392 	 299 	 230 	 121 	 56 	 19 	 14 	 3 	 2 	 0 	 0 	 0 	 0 	 0 	 0 	 0 	 
1.00000000 	 0 	 4.9816 	 1 	 12 	 37437 	 17.81 	 39411174183.000000 	 0.797000 	 10800 	 C:\z_mine\research\MEMO muppets\z_research\mup_single\114b00_res_00.txt 	  70 	 140 	 257 	 481 	 672 	 375 	 318 	 133 	 39 	 8 	 6 	 1 	 0 	 0 	 0 	 0 	 0 	 0 	 0 	 0 	 
1.00000000 	 0 	 4.9684 	 1 	 11 	 37193 	 15.25 	 33780126594.000000 	 0.797000 	 10800 	 C:\z_mine\research\MEMO muppets\z_research\mup_single\114b01_res_00.txt 	  69 	 144 	 249 	 469 	 710 	 387 	 286 	 129 	 41 	 10 	 6 	 0 	 0 	 0 	 0 	 0 	 0 	 0 	 0 	 0 	 
1.00000000 	 0 	 4.9744 	 1 	 13 	 28331 	 13.84 	 30669664439.000000 	 0.515000 	 10800 	 C:\z_mine\research\MEMO muppets\z_research\mup_single\114b02_res_00.txt 	  79 	 125 	 235 	 488 	 690 	 407 	 310 	 131 	 21 	 8 	 2 	 3 	 1 	 0 	 0 	 0 	 0 	 0 	 0 	 0 	 
0.00037915 	 2636 	 4.8972 	 1 	 18 	 69859752 	 10846.67 	 24903846974505.000000 	 3.954000 	 10800 	 C:\z_mine\research\MEMO muppets\z_research\mup_single\114b03_res_00.txt 	  148 	 215 	 298 	 446 	 466 	 386 	 264 	 147 	 52 	 42 	 20 	 9 	 5 	 0 	 0 	 0 	 0 	 2 	 0 	 0 	 
0.03703704 	 26 	 4.9072 	 1 	 16 	 66284242 	 10842.56 	 24893353866425.000000 	 3.828000 	 10800 	 C:\z_mine\research\MEMO muppets\z_research\mup_single\114b04_res_00.txt 	  128 	 211 	 274 	 468 	 535 	 334 	 284 	 145 	 62 	 33 	 13 	 9 	 1 	 1 	 1 	 1 	 0 	 0 	 0 	 0 	 
0.00089047 	 1122 	 4.8692 	 1 	 24 	 68008716 	 10810.95 	 24822917807727.000000 	 3.672000 	 10800 	 C:\z_mine\research\MEMO muppets\z_research\mup_single\114b05_res_00.txt 	  141 	 232 	 266 	 461 	 496 	 357 	 266 	 176 	 61 	 26 	 10 	 3 	 3 	 0 	 0 	 1 	 0 	 0 	 0 	 1 	 
0.20000000 	 4 	 4.8380 	 1 	 13 	 72178679 	 10823.27 	 24848553242809.000000 	 3.875000 	 10800 	 C:\z_mine\research\MEMO muppets\z_research\mup_single\114b06_res_00.txt 	  149 	 234 	 302 	 416 	 492 	 360 	 271 	 167 	 66 	 21 	 15 	 5 	 2 	 0 	 0 	 0 	 0 	 0 	 0 	 0 	 
0.00022609 	 4422 	 4.8636 	 1 	 16 	 70647997 	 10808.57 	 24813772795944.000000 	 4.890000 	 10800 	 C:\z_mine\research\MEMO muppets\z_research\mup_single\114b07_res_00.txt 	  152 	 238 	 279 	 456 	 471 	 356 	 263 	 151 	 70 	 32 	 19 	 6 	 1 	 5 	 0 	 1 	 0 	 0 	 0 	 0 	 
0.00010102 	 9898 	 4.8372 	 1 	 16 	 81583584 	 10822.67 	 24841343549572.000000 	 6.515000 	 10800 	 C:\z_mine\research\MEMO muppets\z_research\mup_single\114b08_res_00.txt 	  166 	 264 	 315 	 426 	 410 	 338 	 275 	 143 	 82 	 45 	 24 	 9 	 1 	 1 	 0 	 1 	 0 	 0 	 0 	 0 	 
0.00077340 	 1292 	 4.8008 	 1 	 15 	 73563216 	 10820.83 	 24840518081610.000000 	 4.531000 	 10800 	 C:\z_mine\research\MEMO muppets\z_research\mup_single\114b09_res_00.txt 	  150 	 280 	 311 	 403 	 455 	 362 	 256 	 152 	 72 	 32 	 8 	 14 	 3 	 1 	 1 	 0 	 0 	 0 	 0 	 0 	 
0.00051414 	 1944 	 4.7288 	 1 	 14 	 91488245 	 10822.74 	 24837228736203.000000 	 8.454000 	 10800 	 C:\z_mine\research\MEMO muppets\z_research\mup_single\114d00_res_00.txt 	  181 	 310 	 329 	 433 	 394 	 306 	 233 	 131 	 90 	 46 	 30 	 8 	 5 	 4 	 0 	 0 	 0 	 0 	 0 	 0 	 
0.00056754 	 1761 	 4.6620 	 1 	 16 	 85917965 	 10831.23 	 24856452042637.000000 	 9.375000 	 10800 	 C:\z_mine\research\MEMO muppets\z_research\mup_single\114d01_res_00.txt 	  215 	 330 	 345 	 419 	 372 	 287 	 206 	 140 	 73 	 48 	 31 	 12 	 10 	 8 	 3 	 1 	 0 	 0 	 0 	 0 	 
0.00046072 	 2170 	 4.8468 	 1 	 18 	 88961149 	 10836.85 	 24869010773080.000000 	 8.375000 	 10800 	 C:\z_mine\research\MEMO muppets\z_research\mup_single\114d02_res_00.txt 	  197 	 316 	 304 	 429 	 345 	 290 	 244 	 173 	 80 	 46 	 33 	 21 	 9 	 9 	 1 	 2 	 0 	 1 	 0 	 0 	 
0.00012122 	 8248 	 4.4944 	 1 	 13 	 98958217 	 10828.67 	 24847482629311.000000 	 14.406000 	 10800 	 C:\z_mine\research\MEMO muppets\z_research\mup_single\114d03_res_00.txt 	  206 	 348 	 379 	 427 	 381 	 265 	 205 	 142 	 84 	 38 	 15 	 8 	 2 	 0 	 0 	 0 	 0 	 0 	 0 	 0 	 
0.00022502 	 4443 	 4.2020 	 1 	 14 	 121753432 	 10818.83 	 24826386367332.000000 	 11.234000 	 10800 	 C:\z_mine\research\MEMO muppets\z_research\mup_single\114d04_res_00.txt 	  245 	 378 	 389 	 466 	 363 	 271 	 196 	 113 	 51 	 16 	 9 	 2 	 0 	 1 	 0 	 0 	 0 	 0 	 0 	 0 	 
0.00070497 	 1418 	 4.8108 	 1 	 16 	 77455161 	 10823.66 	 24838941403945.000000 	 8.063000 	 10800 	 C:\z_mine\research\MEMO muppets\z_research\mup_single\114d05_res_00.txt 	  205 	 273 	 302 	 437 	 382 	 318 	 234 	 169 	 85 	 40 	 30 	 16 	 3 	 3 	 2 	 1 	 0 	 0 	 0 	 0 	 
0.00020210 	 4947 	 4.3364 	 1 	 14 	 111199121 	 10813.68 	 24813923773950.000000 	 12.969000 	 10800 	 C:\z_mine\research\MEMO muppets\z_research\mup_single\114d06_res_00.txt 	  213 	 371 	 395 	 463 	 345 	 293 	 188 	 118 	 66 	 25 	 16 	 6 	 0 	 1 	 0 	 0 	 0 	 0 	 0 	 0 	 
0.00009532 	 10490 	 4.4740 	 1 	 14 	 112444445 	 10808.52 	 24802915769864.000000 	 11.313000 	 10800 	 C:\z_mine\research\MEMO muppets\z_research\mup_single\114d07_res_00.txt 	  203 	 329 	 375 	 467 	 374 	 290 	 216 	 116 	 67 	 28 	 24 	 10 	 0 	 1 	 0 	 0 	 0 	 0 	 0 	 0 	 
1.00000000 	 0 	 5.0048 	 1 	 15 	 5228752 	 484.66 	 1099646086893.000000 	 4.219000 	 10800 	 C:\z_mine\research\MEMO muppets\z_research\mup_single\114d08_res_00.txt 	  131 	 227 	 264 	 448 	 468 	 360 	 287 	 162 	 72 	 38 	 19 	 15 	 6 	 2 	 1 	 0 	 0 	 0 	 0 	 0 	 
0.00007845 	 12746 	 4.7556 	 1 	 17 	 90083156 	 10836.41 	 24866506814641.000000 	 12.891000 	 10800 	 C:\z_mine\research\MEMO muppets\z_research\mup_single\114d09_res_00.txt 	  217 	 344 	 339 	 405 	 332 	 280 	 207 	 138 	 96 	 54 	 42 	 26 	 10 	 6 	 3 	 0 	 1 	 0 	 0 	 0 	 
1.00000000 	 0 	 4.3724 	 1 	 13 	 192444 	 63.99 	 140190396422.000000 	 3.282000 	 10800 	 C:\z_mine\research\MEMO muppets\z_research\mup_single\128b00_res_00.txt 	  155 	 280 	 347 	 559 	 528 	 307 	 195 	 92 	 21 	 12 	 2 	 1 	 1 	 0 	 0 	 0 	 0 	 0 	 0 	 0 	 
1.00000000 	 0 	 4.4424 	 1 	 13 	 162924 	 57.27 	 124750629357.000000 	 2.344000 	 10800 	 C:\z_mine\research\MEMO muppets\z_research\mup_single\128b01_res_00.txt 	  144 	 253 	 335 	 570 	 507 	 375 	 201 	 74 	 29 	 8 	 3 	 0 	 1 	 0 	 0 	 0 	 0 	 0 	 0 	 0 	 
1.00000000 	 0 	 4.2912 	 1 	 13 	 568497 	 112.11 	 247253276505.000000 	 4.000000 	 10800 	 C:\z_mine\research\MEMO muppets\z_research\mup_single\128b02_res_00.txt 	  190 	 322 	 324 	 562 	 464 	 305 	 204 	 89 	 23 	 13 	 2 	 1 	 1 	 0 	 0 	 0 	 0 	 0 	 0 	 0 	 
1.00000000 	 0 	 4.3112 	 1 	 13 	 283262 	 87.81 	 191961909012.000000 	 3.906000 	 10800 	 C:\z_mine\research\MEMO muppets\z_research\mup_single\128b03_res_00.txt 	  153 	 313 	 384 	 532 	 482 	 325 	 197 	 73 	 22 	 13 	 5 	 0 	 1 	 0 	 0 	 0 	 0 	 0 	 0 	 0 	 
1.00000000 	 0 	 4.2732 	 1 	 14 	 66799845 	 9385.00 	 21535766732645.000000 	 6.969000 	 10800 	 C:\z_mine\research\MEMO muppets\z_research\mup_single\128b04_res_00.txt 	  206 	 361 	 336 	 517 	 427 	 311 	 184 	 89 	 30 	 26 	 10 	 2 	 0 	 1 	 0 	 0 	 0 	 0 	 0 	 0 	 
1.00000000 	 0 	 4.1612 	 1 	 13 	 3823694 	 384.63 	 869034993793.000000 	 5.922000 	 10800 	 C:\z_mine\research\MEMO muppets\z_research\mup_single\128b05_res_00.txt 	  203 	 396 	 378 	 499 	 409 	 288 	 187 	 88 	 36 	 11 	 3 	 1 	 1 	 0 	 0 	 0 	 0 	 0 	 0 	 0 	 
1.00000000 	 0 	 4.2332 	 1 	 13 	 893120 	 178.38 	 397887187398.000000 	 6.469000 	 10800 	 C:\z_mine\research\MEMO muppets\z_research\mup_single\128b06_res_00.txt 	  206 	 334 	 374 	 531 	 431 	 289 	 196 	 88 	 26 	 17 	 3 	 4 	 1 	 0 	 0 	 0 	 0 	 0 	 0 	 0 	 
0.00146306 	 682 	 4.1368 	 1 	 17 	 82436127 	 10846.42 	 24894309165149.000000 	 7.297000 	 10800 	 C:\z_mine\research\MEMO muppets\z_research\mup_single\128b07_res_00.txt 	  211 	 393 	 384 	 519 	 411 	 278 	 167 	 69 	 39 	 16 	 5 	 4 	 1 	 1 	 1 	 0 	 1 	 0 	 0 	 0 	 
0.00011326 	 8828 	 4.1596 	 1 	 16 	 84514937 	 10802.41 	 24793028339439.000000 	 9.719000 	 10800 	 C:\z_mine\research\MEMO muppets\z_research\mup_single\128b08_res_00.txt 	  214 	 380 	 382 	 535 	 391 	 282 	 172 	 71 	 42 	 16 	 7 	 2 	 5 	 0 	 0 	 1 	 0 	 0 	 0 	 0 	 
0.00015251 	 6556 	 4.1220 	 1 	 16 	 82407640 	 10841.49 	 24884268656024.000000 	 8.641000 	 10800 	 C:\z_mine\research\MEMO muppets\z_research\mup_single\128b09_res_00.txt 	  231 	 391 	 390 	 477 	 420 	 267 	 181 	 84 	 37 	 12 	 7 	 0 	 1 	 1 	 0 	 1 	 0 	 0 	 0 	 0 	 
0.00007651 	 13069 	 3.9396 	 1 	 13 	 94213594 	 10835.11 	 24869185171815.000000 	 13.922000 	 10800 	 C:\z_mine\research\MEMO muppets\z_research\mup_single\128d00_res_00.txt 	  259 	 442 	 458 	 442 	 372 	 222 	 169 	 76 	 31 	 22 	 4 	 1 	 2 	 0 	 0 	 0 	 0 	 0 	 0 	 0 	 
1.00000000 	 0 	 4.2228 	 1 	 14 	 45453964 	 5035.79 	 11556438642428.000000 	 7.984000 	 10800 	 C:\z_mine\research\MEMO muppets\z_research\mup_single\128d01_res_00.txt 	  219 	 406 	 355 	 494 	 390 	 275 	 175 	 97 	 44 	 23 	 12 	 6 	 2 	 2 	 0 	 0 	 0 	 0 	 0 	 0 	 
0.00016514 	 6054 	 3.8180 	 1 	 12 	 97719491 	 10819.92 	 24837178855575.000000 	 15.218000 	 10800 	 C:\z_mine\research\MEMO muppets\z_research\mup_single\128d02_res_00.txt 	  256 	 454 	 449 	 499 	 389 	 218 	 142 	 61 	 21 	 8 	 2 	 1 	 0 	 0 	 0 	 0 	 0 	 0 	 0 	 0 	 
0.00078339 	 1276 	 4.6112 	 1 	 15 	 65655438 	 10837.88 	 24882265318502.000000 	 12.390000 	 10800 	 C:\z_mine\research\MEMO muppets\z_research\mup_single\128d03_res_00.txt 	  249 	 354 	 337 	 406 	 321 	 285 	 210 	 136 	 81 	 46 	 44 	 19 	 7 	 4 	 1 	 0 	 0 	 0 	 0 	 0 	 
0.00030289 	 3300 	 4.1728 	 1 	 13 	 83980873 	 10830.77 	 24866562000207.000000 	 12.235000 	 10800 	 C:\z_mine\research\MEMO muppets\z_research\mup_single\128d04_res_00.txt 	  225 	 391 	 402 	 479 	 371 	 283 	 179 	 94 	 47 	 11 	 7 	 8 	 3 	 0 	 0 	 0 	 0 	 0 	 0 	 0 	 
0.00017848 	 5602 	 4.0104 	 1 	 14 	 87877413 	 10805.71 	 24809953294091.000000 	 12.516000 	 10800 	 C:\z_mine\research\MEMO muppets\z_research\mup_single\128d05_res_00.txt 	  262 	 408 	 444 	 470 	 359 	 219 	 173 	 102 	 42 	 15 	 3 	 1 	 1 	 1 	 0 	 0 	 0 	 0 	 0 	 0 	 
0.00089445 	 1117 	 4.0552 	 1 	 14 	 97324238 	 10833.13 	 24872645709877.000000 	 10.953000 	 10800 	 C:\z_mine\research\MEMO muppets\z_research\mup_single\128d06_res_00.txt 	  238 	 414 	 391 	 513 	 379 	 252 	 169 	 80 	 39 	 16 	 4 	 4 	 0 	 1 	 0 	 0 	 0 	 0 	 0 	 0 	 
0.00019355 	 5166 	 4.1128 	 1 	 15 	 92408218 	 10839.19 	 24889531835224.000000 	 11.610000 	 10800 	 C:\z_mine\research\MEMO muppets\z_research\mup_single\128d07_res_00.txt 	  232 	 412 	 395 	 512 	 349 	 261 	 162 	 95 	 50 	 22 	 5 	 4 	 0 	 0 	 1 	 0 	 0 	 0 	 0 	 0 	 
0.00050904 	 1964 	 4.2280 	 1 	 15 	 77049259 	 10830.74 	 24866726795647.000000 	 8.047000 	 10800 	 C:\z_mine\research\MEMO muppets\z_research\mup_single\128d08_res_00.txt 	  241 	 396 	 364 	 469 	 402 	 251 	 188 	 85 	 50 	 24 	 12 	 8 	 3 	 5 	 2 	 0 	 0 	 0 	 0 	 0 	 
0.00006941 	 14407 	 4.1244 	 1 	 16 	 81470778 	 10838.09 	 24881615198520.000000 	 12.578000 	 10800 	 C:\z_mine\research\MEMO muppets\z_research\mup_single\128d09_res_00.txt 	  237 	 373 	 439 	 472 	 374 	 264 	 182 	 90 	 40 	 16 	 7 	 3 	 2 	 0 	 0 	 1 	 0 	 0 	 0 	 0 	 
1.00000000 	 0 	 4.4024 	 1 	 11 	 133140 	 34.61 	 78867354666.000000 	 1.516000 	 10800 	 C:\z_mine\research\MEMO muppets\z_research\mup_single\144b00_res_00.txt 	  106 	 168 	 314 	 824 	 525 	 329 	 162 	 60 	 8 	 3 	 1 	 0 	 0 	 0 	 0 	 0 	 0 	 0 	 0 	 0 	 
1.00000000 	 0 	 4.3608 	 1 	 10 	 73613 	 24.27 	 55233191145.000000 	 1.000000 	 10800 	 C:\z_mine\research\MEMO muppets\z_research\mup_single\144b01_res_00.txt 	  93 	 159 	 343 	 899 	 476 	 302 	 168 	 47 	 8 	 5 	 0 	 0 	 0 	 0 	 0 	 0 	 0 	 0 	 0 	 0 	 
1.00000000 	 0 	 4.3200 	 1 	 11 	 79050 	 23.53 	 53579199032.000000 	 1.188000 	 10800 	 C:\z_mine\research\MEMO muppets\z_research\mup_single\144b02_res_00.txt 	  84 	 179 	 368 	 875 	 470 	 331 	 144 	 34 	 13 	 1 	 1 	 0 	 0 	 0 	 0 	 0 	 0 	 0 	 0 	 0 	 
0.00064309 	 1554 	 4.4608 	 1 	 14 	 44230726 	 10874.94 	 24970359108795.000000 	 2.937000 	 10800 	 C:\z_mine\research\MEMO muppets\z_research\mup_single\144b03_res_00.txt 	  121 	 233 	 340 	 712 	 466 	 306 	 180 	 72 	 39 	 13 	 9 	 4 	 3 	 2 	 0 	 0 	 0 	 0 	 0 	 0 	 
1.00000000 	 0 	 4.3852 	 1 	 17 	 38385118 	 10060.95 	 23100902301332.000000 	 3.015000 	 10800 	 C:\z_mine\research\MEMO muppets\z_research\mup_single\144b04_res_00.txt 	  101 	 220 	 347 	 825 	 431 	 323 	 162 	 42 	 21 	 10 	 6 	 3 	 5 	 0 	 3 	 0 	 1 	 0 	 0 	 0 	 
0.00014642 	 6828 	 4.4048 	 1 	 20 	 42299026 	 10808.30 	 24817577539061.000000 	 3.140000 	 10800 	 C:\z_mine\research\MEMO muppets\z_research\mup_single\144b05_res_00.txt 	  126 	 225 	 341 	 733 	 466 	 317 	 183 	 63 	 27 	 7 	 4 	 5 	 1 	 1 	 0 	 0 	 0 	 0 	 0 	 1 	 
1.00000000 	 0 	 4.3048 	 1 	 12 	 95109 	 30.55 	 68831978984.000000 	 1.547000 	 10800 	 C:\z_mine\research\MEMO muppets\z_research\mup_single\144b06_res_00.txt 	  106 	 184 	 383 	 820 	 495 	 304 	 133 	 57 	 11 	 4 	 2 	 1 	 0 	 0 	 0 	 0 	 0 	 0 	 0 	 0 	 
0.00018861 	 5301 	 4.4540 	 1 	 16 	 44758922 	 10831.89 	 24871163358195.000000 	 3.422000 	 10800 	 C:\z_mine\research\MEMO muppets\z_research\mup_single\144b07_res_00.txt 	  144 	 245 	 329 	 689 	 460 	 306 	 172 	 74 	 32 	 25 	 15 	 1 	 4 	 2 	 1 	 1 	 0 	 0 	 0 	 0 	 
0.00006370 	 15697 	 4.3780 	 1 	 15 	 50117146 	 10842.31 	 24893059058716.000000 	 4.688000 	 10800 	 C:\z_mine\research\MEMO muppets\z_research\mup_single\144b08_res_00.txt 	  178 	 276 	 340 	 624 	 436 	 301 	 188 	 82 	 41 	 16 	 10 	 4 	 3 	 0 	 1 	 0 	 0 	 0 	 0 	 0 	 
0.00023406 	 4272 	 4.3292 	 1 	 17 	 45176797 	 10808.01 	 24816408147167.000000 	 3.562000 	 10800 	 C:\z_mine\research\MEMO muppets\z_research\mup_single\144b09_res_00.txt 	  124 	 275 	 383 	 686 	 452 	 303 	 174 	 50 	 19 	 11 	 10 	 8 	 1 	 2 	 1 	 0 	 1 	 0 	 0 	 0 	 
0.00006869 	 14558 	 4.2464 	 1 	 16 	 61382960 	 10838.62 	 24880587004935.000000 	 12.406000 	 10800 	 C:\z_mine\research\MEMO muppets\z_research\mup_single\144d00_res_00.txt 	  261 	 392 	 365 	 481 	 332 	 273 	 165 	 111 	 64 	 24 	 10 	 10 	 7 	 3 	 0 	 2 	 0 	 0 	 0 	 0 	 
0.00139762 	 714 	 4.3360 	 1 	 13 	 57752561 	 10846.28 	 24902521073247.000000 	 5.687000 	 10800 	 C:\z_mine\research\MEMO muppets\z_research\mup_single\144d01_res_00.txt 	  193 	 270 	 335 	 601 	 475 	 309 	 166 	 88 	 39 	 15 	 7 	 1 	 1 	 0 	 0 	 0 	 0 	 0 	 0 	 0 	 
0.00116891 	 854 	 4.0060 	 1 	 14 	 67736418 	 10823.63 	 24849123379053.000000 	 10.266000 	 10800 	 C:\z_mine\research\MEMO muppets\z_research\mup_single\144d02_res_00.txt 	  261 	 409 	 388 	 543 	 336 	 272 	 171 	 52 	 35 	 20 	 4 	 3 	 4 	 2 	 0 	 0 	 0 	 0 	 0 	 0 	 
1.00000000 	 0 	 4.4208 	 1 	 17 	 741166 	 131.70 	 298189781428.000000 	 4.469000 	 10800 	 C:\z_mine\research\MEMO muppets\z_research\mup_single\144d03_res_00.txt 	  155 	 273 	 309 	 639 	 456 	 326 	 205 	 79 	 37 	 11 	 6 	 2 	 0 	 0 	 1 	 0 	 1 	 0 	 0 	 0 	 
0.00015117 	 6614 	 4.3816 	 1 	 16 	 62831189 	 10818.43 	 24836941868393.000000 	 13.844000 	 10800 	 C:\z_mine\research\MEMO muppets\z_research\mup_single\144d04_res_00.txt 	  247 	 378 	 367 	 448 	 329 	 263 	 195 	 124 	 75 	 38 	 20 	 10 	 3 	 2 	 0 	 1 	 0 	 0 	 0 	 0 	 
0.00038655 	 2586 	 4.2188 	 1 	 13 	 67354099 	 10856.43 	 24925037529144.000000 	 9.812000 	 10800 	 C:\z_mine\research\MEMO muppets\z_research\mup_single\144d05_res_00.txt 	  227 	 395 	 369 	 524 	 353 	 251 	 182 	 100 	 47 	 29 	 13 	 4 	 6 	 0 	 0 	 0 	 0 	 0 	 0 	 0 	 
0.00009692 	 10317 	 4.4092 	 1 	 21 	 56288001 	 10813.52 	 24825340385779.000000 	 9.547000 	 10800 	 C:\z_mine\research\MEMO muppets\z_research\mup_single\144d06_res_00.txt 	  218 	 364 	 328 	 470 	 390 	 303 	 205 	 105 	 60 	 27 	 17 	 6 	 4 	 2 	 0 	 0 	 0 	 0 	 0 	 1 	 
0.00010984 	 9103 	 4.4188 	 1 	 19 	 54797124 	 10816.75 	 24834870728694.000000 	 8.547000 	 10800 	 C:\z_mine\research\MEMO muppets\z_research\mup_single\144d07_res_00.txt 	  231 	 342 	 346 	 481 	 386 	 275 	 202 	 121 	 55 	 25 	 13 	 8 	 4 	 3 	 2 	 4 	 1 	 0 	 1 	 0 	 
0.00995025 	 100 	 4.3596 	 1 	 15 	 49524760 	 10813.09 	 24827112238875.000000 	 7.172000 	 10800 	 C:\z_mine\research\MEMO muppets\z_research\mup_single\144d08_res_00.txt 	  201 	 322 	 354 	 584 	 390 	 260 	 191 	 89 	 56 	 21 	 15 	 10 	 2 	 3 	 2 	 0 	 0 	 0 	 0 	 0 	 
0.00009527 	 10496 	 4.7980 	 1 	 16 	 46855780 	 10810.04 	 24818047766787.000000 	 8.031000 	 10800 	 C:\z_mine\research\MEMO muppets\z_research\mup_single\144d09_res_00.txt 	  169 	 271 	 309 	 484 	 380 	 358 	 222 	 122 	 105 	 37 	 16 	 14 	 5 	 3 	 3 	 2 	 0 	 0 	 0 	 0 	 
1.00000000 	 0 	 4.3548 	 1 	 12 	 128523 	 32.85 	 74336569846.000000 	 1.406000 	 10800 	 C:\z_mine\research\MEMO muppets\z_research\mup_single\162b00_res_00.txt 	  57 	 158 	 344 	 1006 	 435 	 291 	 153 	 45 	 7 	 2 	 1 	 1 	 0 	 0 	 0 	 0 	 0 	 0 	 0 	 0 	 
1.00000000 	 0 	 4.2328 	 1 	 10 	 67335 	 18.22 	 41312158006.000000 	 0.766000 	 10800 	 C:\z_mine\research\MEMO muppets\z_research\mup_single\162b01_res_00.txt 	  59 	 140 	 379 	 1074 	 462 	 242 	 114 	 21 	 8 	 1 	 0 	 0 	 0 	 0 	 0 	 0 	 0 	 0 	 0 	 0 	 
1.00000000 	 0 	 4.2828 	 1 	 10 	 112852 	 30.72 	 69875005004.000000 	 1.204000 	 10800 	 C:\z_mine\research\MEMO muppets\z_research\mup_single\162b02_res_00.txt 	  75 	 163 	 355 	 999 	 444 	 281 	 143 	 24 	 14 	 2 	 0 	 0 	 0 	 0 	 0 	 0 	 0 	 0 	 0 	 0 	 
1.00000000 	 0 	 4.2804 	 1 	 11 	 337735 	 47.41 	 108004727021.000000 	 1.281000 	 10800 	 C:\z_mine\research\MEMO muppets\z_research\mup_single\162b03_res_00.txt 	  88 	 145 	 345 	 1023 	 456 	 267 	 115 	 46 	 10 	 4 	 1 	 0 	 0 	 0 	 0 	 0 	 0 	 0 	 0 	 0 	 
0.00049913 	 2002 	 4.3552 	 1 	 12 	 36285750 	 10952.34 	 25148730414578.000000 	 3.422000 	 10800 	 C:\z_mine\research\MEMO muppets\z_research\mup_single\162b04_res_00.txt 	  114 	 219 	 325 	 846 	 442 	 287 	 165 	 53 	 30 	 14 	 4 	 1 	 0 	 0 	 0 	 0 	 0 	 0 	 0 	 0 	 
0.00008799 	 11364 	 4.3736 	 1 	 15 	 37803694 	 10914.30 	 25062835510270.000000 	 3.063000 	 10800 	 C:\z_mine\research\MEMO muppets\z_research\mup_single\162b05_res_00.txt 	  126 	 243 	 329 	 783 	 424 	 319 	 160 	 58 	 35 	 6 	 5 	 4 	 6 	 1 	 1 	 0 	 0 	 0 	 0 	 0 	 
0.00015387 	 6498 	 4.3088 	 1 	 14 	 36507134 	 10866.43 	 24952568050900.000000 	 2.969000 	 10800 	 C:\z_mine\research\MEMO muppets\z_research\mup_single\162b06_res_00.txt 	  144 	 208 	 327 	 856 	 415 	 306 	 139 	 61 	 23 	 10 	 8 	 0 	 2 	 1 	 0 	 0 	 0 	 0 	 0 	 0 	 
0.00067545 	 1480 	 4.3664 	 1 	 15 	 37048561 	 10856.19 	 24929901683440.000000 	 4.078000 	 10800 	 C:\z_mine\research\MEMO muppets\z_research\mup_single\162b07_res_00.txt 	  135 	 252 	 316 	 783 	 442 	 294 	 160 	 59 	 20 	 16 	 8 	 1 	 7 	 5 	 2 	 0 	 0 	 0 	 0 	 0 	 
0.00028425 	 3517 	 4.4068 	 1 	 18 	 38863702 	 10824.41 	 24854816797001.000000 	 3.922000 	 10800 	 C:\z_mine\research\MEMO muppets\z_research\mup_single\162b08_res_00.txt 	  147 	 269 	 307 	 722 	 435 	 305 	 160 	 72 	 47 	 18 	 7 	 8 	 0 	 2 	 0 	 0 	 0 	 1 	 0 	 0 	 
0.00037058 	 2698 	 4.3580 	 1 	 14 	 37246001 	 10852.17 	 24920215845221.000000 	 3.110000 	 10800 	 C:\z_mine\research\MEMO muppets\z_research\mup_single\162b09_res_00.txt 	  116 	 220 	 341 	 809 	 448 	 307 	 164 	 48 	 24 	 12 	 7 	 0 	 3 	 1 	 0 	 0 	 0 	 0 	 0 	 0 	 
0.00238095 	 419 	 4.4552 	 1 	 15 	 40753431 	 10885.84 	 24995489220412.000000 	 4.859000 	 10800 	 C:\z_mine\research\MEMO muppets\z_research\mup_single\162d00_res_00.txt 	  135 	 251 	 308 	 704 	 445 	 330 	 176 	 85 	 37 	 18 	 6 	 3 	 0 	 1 	 1 	 0 	 0 	 0 	 0 	 0 	 
0.01754386 	 56 	 4.3792 	 1 	 13 	 36305618 	 10831.54 	 24872525188345.000000 	 3.890000 	 10800 	 C:\z_mine\research\MEMO muppets\z_research\mup_single\162d01_res_00.txt 	  109 	 229 	 371 	 762 	 446 	 277 	 182 	 84 	 27 	 8 	 2 	 2 	 1 	 0 	 0 	 0 	 0 	 0 	 0 	 0 	 
0.00800000 	 124 	 4.4320 	 1 	 13 	 39644215 	 10806.00 	 24811763599499.000000 	 6.391000 	 10800 	 C:\z_mine\research\MEMO muppets\z_research\mup_single\162d02_res_00.txt 	  201 	 306 	 271 	 581 	 439 	 299 	 215 	 110 	 40 	 27 	 7 	 3 	 1 	 0 	 0 	 0 	 0 	 0 	 0 	 0 	 
0.00328407 	 304 	 4.1844 	 1 	 15 	 52058093 	 10848.56 	 24908101359915.000000 	 10.125000 	 10800 	 C:\z_mine\research\MEMO muppets\z_research\mup_single\162d03_res_00.txt 	  255 	 393 	 317 	 515 	 377 	 295 	 182 	 90 	 36 	 23 	 8 	 2 	 5 	 1 	 1 	 0 	 0 	 0 	 0 	 0 	 
0.00100503 	 994 	 3.9084 	 1 	 13 	 63687999 	 10849.20 	 24908473448016.000000 	 11.204000 	 10800 	 C:\z_mine\research\MEMO muppets\z_research\mup_single\162d04_res_00.txt 	  280 	 437 	 378 	 512 	 385 	 250 	 138 	 70 	 24 	 20 	 5 	 0 	 1 	 0 	 0 	 0 	 0 	 0 	 0 	 0 	 
0.00008957 	 11164 	 4.3476 	 1 	 16 	 48076685 	 10849.82 	 24910730684033.000000 	 10.031000 	 10800 	 C:\z_mine\research\MEMO muppets\z_research\mup_single\162d05_res_00.txt 	  256 	 382 	 288 	 486 	 367 	 297 	 211 	 99 	 50 	 28 	 18 	 12 	 3 	 2 	 0 	 1 	 0 	 0 	 0 	 0 	 
0.00005895 	 16962 	 3.9372 	 1 	 15 	 56479834 	 10802.34 	 24799309294146.000000 	 14.391000 	 10800 	 C:\z_mine\research\MEMO muppets\z_research\mup_single\162d06_res_00.txt 	  279 	 451 	 408 	 514 	 315 	 213 	 160 	 81 	 46 	 23 	 7 	 1 	 1 	 0 	 1 	 0 	 0 	 0 	 0 	 0 	 
0.00019675 	 5082 	 3.7880 	 1 	 12 	 65791984 	 10812.75 	 24825706964008.000000 	 11.516000 	 10800 	 C:\z_mine\research\MEMO muppets\z_research\mup_single\162d07_res_00.txt 	  281 	 487 	 396 	 487 	 376 	 259 	 121 	 54 	 28 	 8 	 2 	 1 	 0 	 0 	 0 	 0 	 0 	 0 	 0 	 0 	 
0.00015935 	 6274 	 4.0012 	 1 	 13 	 52987520 	 10866.67 	 24946629894981.000000 	 10.781000 	 10800 	 C:\z_mine\research\MEMO muppets\z_research\mup_single\162d08_res_00.txt 	  278 	 400 	 355 	 531 	 392 	 269 	 142 	 72 	 32 	 19 	 7 	 2 	 1 	 0 	 0 	 0 	 0 	 0 	 0 	 0 	 
0.00027910 	 3582 	 3.8476 	 1 	 16 	 64005370 	 10831.90 	 24869497093613.000000 	 13.500000 	 10800 	 C:\z_mine\research\MEMO muppets\z_research\mup_single\162d09_res_00.txt 	  288 	 424 	 428 	 516 	 361 	 259 	 114 	 55 	 32 	 13 	 7 	 0 	 1 	 1 	 0 	 1 	 0 	 0 	 0 	 0 	 
0.00027770 	 3600 	 4.8730 	 1 	 13 	 122816998 	 10803.35 	 24807272286296.000000 	 3.390000 	 10800 	 C:\z_mine\research\MEMO muppets\z_research\mup_single\104050_res_00.txt 	  70 	 110 	 146 	 222 	 236 	 208 	 130 	 81 	 41 	 10 	 4 	 1 	 1 	 0 	 0 	 0 	 0 	 0 	 0 	 0 	 
0.00020907 	 4782 	 4.8079 	 1 	 14 	 117185870 	 10818.63 	 24842695344347.000000 	 3.313000 	 10800 	 C:\z_mine\research\MEMO muppets\z_research\mup_single\104051_res_00.txt 	  77 	 127 	 143 	 217 	 226 	 198 	 148 	 79 	 24 	 11 	 6 	 1 	 2 	 1 	 0 	 0 	 0 	 0 	 0 	 0 	 
0.00017039 	 5868 	 4.7222 	 1 	 13 	 130575696 	 10826.08 	 24858729350244.000000 	 3.890000 	 10800 	 C:\z_mine\research\MEMO muppets\z_research\mup_single\104052_res_00.txt 	  82 	 129 	 163 	 233 	 220 	 174 	 116 	 83 	 39 	 15 	 5 	 0 	 1 	 0 	 0 	 0 	 0 	 0 	 0 	 0 	 
0.00013864 	 7212 	 4.6786 	 1 	 18 	 135379021 	 10822.94 	 24851930388915.000000 	 4.157000 	 10800 	 C:\z_mine\research\MEMO muppets\z_research\mup_single\104053_res_00.txt 	  82 	 129 	 174 	 225 	 223 	 179 	 126 	 72 	 31 	 12 	 3 	 3 	 0 	 0 	 0 	 0 	 0 	 1 	 0 	 0 	 
0.00011853 	 8436 	 4.6032 	 1 	 14 	 149717972 	 10804.21 	 24807843208075.000000 	 4.547000 	 10800 	 C:\z_mine\research\MEMO muppets\z_research\mup_single\104054_res_00.txt 	  83 	 154 	 188 	 229 	 208 	 160 	 103 	 66 	 35 	 20 	 6 	 6 	 1 	 1 	 0 	 0 	 0 	 0 	 0 	 0 	 
0.00009491 	 10535 	 4.5429 	 1 	 12 	 163299292 	 10809.54 	 24819604597819.000000 	 5.359000 	 10800 	 C:\z_mine\research\MEMO muppets\z_research\mup_single\104055_res_00.txt 	  88 	 155 	 183 	 237 	 213 	 142 	 109 	 78 	 37 	 11 	 2 	 5 	 0 	 0 	 0 	 0 	 0 	 0 	 0 	 0 	 
0.00007571 	 13208 	 4.4770 	 1 	 14 	 166020473 	 10800.63 	 24797786069356.000000 	 5.062000 	 10800 	 C:\z_mine\research\MEMO muppets\z_research\mup_single\104056_res_00.txt 	  96 	 165 	 181 	 226 	 203 	 161 	 113 	 70 	 27 	 10 	 5 	 2 	 0 	 1 	 0 	 0 	 0 	 0 	 0 	 0 	 
0.00006042 	 16551 	 4.4357 	 1 	 12 	 168608288 	 10802.09 	 24805574601500.000000 	 4.969000 	 10800 	 C:\z_mine\research\MEMO muppets\z_research\mup_single\104057_res_00.txt 	  97 	 161 	 191 	 227 	 208 	 159 	 103 	 73 	 25 	 12 	 3 	 1 	 0 	 0 	 0 	 0 	 0 	 0 	 0 	 0 	 
0.00005098 	 19616 	 4.3952 	 1 	 12 	 171587195 	 10802.47 	 24806190157472.000000 	 6.110000 	 10800 	 C:\z_mine\research\MEMO muppets\z_research\mup_single\104058_res_00.txt 	  98 	 164 	 196 	 244 	 177 	 167 	 118 	 48 	 35 	 8 	 4 	 1 	 0 	 0 	 0 	 0 	 0 	 0 	 0 	 0 	 
0.00004332 	 23081 	 4.3667 	 1 	 14 	 176783905 	 10803.45 	 24809362092868.000000 	 5.485000 	 10800 	 C:\z_mine\research\MEMO muppets\z_research\mup_single\104059_res_00.txt 	  100 	 164 	 204 	 248 	 195 	 137 	 100 	 63 	 32 	 9 	 7 	 0 	 0 	 1 	 0 	 0 	 0 	 0 	 0 	 0 	 
1.00000000 	 0 	 4.8365 	 1 	 11 	 26605 	 8.73 	 19912315032.000000 	 0.656000 	 10800 	 C:\z_mine\research\MEMO muppets\z_research\mup_single\114052_res_00.txt 	  40 	 83 	 139 	 245 	 341 	 193 	 146 	 59 	 9 	 2 	 3 	 0 	 0 	 0 	 0 	 0 	 0 	 0 	 0 	 0 	 
1.00000000 	 0 	 4.8262 	 1 	 11 	 36850 	 7.34 	 16760796613.000000 	 0.734000 	 10800 	 C:\z_mine\research\MEMO muppets\z_research\mup_single\114053_res_00.txt 	  44 	 90 	 141 	 235 	 322 	 214 	 137 	 60 	 12 	 2 	 3 	 0 	 0 	 0 	 0 	 0 	 0 	 0 	 0 	 0 	 
1.00000000 	 0 	 4.7913 	 1 	 12 	 52761 	 15.42 	 35313368230.000000 	 1.250000 	 10800 	 C:\z_mine\research\MEMO muppets\z_research\mup_single\114054_res_00.txt 	  54 	 82 	 140 	 279 	 283 	 204 	 133 	 64 	 12 	 7 	 1 	 1 	 0 	 0 	 0 	 0 	 0 	 0 	 0 	 0 	 
1.00000000 	 0 	 4.7111 	 1 	 12 	 1311334 	 76.86 	 176417338335.000000 	 0.875000 	 10800 	 C:\z_mine\research\MEMO muppets\z_research\mup_single\114055_res_00.txt 	  61 	 103 	 154 	 249 	 290 	 180 	 140 	 63 	 9 	 6 	 4 	 1 	 0 	 0 	 0 	 0 	 0 	 0 	 0 	 0 	 
0.00041102 	 2432 	 4.7095 	 1 	 12 	 99236204 	 10817.27 	 24840880045211.000000 	 3.031000 	 10800 	 C:\z_mine\research\MEMO muppets\z_research\mup_single\114056_res_00.txt 	  64 	 106 	 151 	 241 	 293 	 174 	 146 	 62 	 18 	 4 	 0 	 1 	 0 	 0 	 0 	 0 	 0 	 0 	 0 	 0 	 
0.00023872 	 4188 	 4.6889 	 1 	 14 	 96619367 	 10809.52 	 24823305846327.000000 	 2.875000 	 10800 	 C:\z_mine\research\MEMO muppets\z_research\mup_single\114057_res_00.txt 	  75 	 107 	 152 	 220 	 310 	 172 	 136 	 64 	 12 	 8 	 1 	 2 	 0 	 1 	 0 	 0 	 0 	 0 	 0 	 0 	 
0.00011697 	 8548 	 4.6635 	 1 	 12 	 104807412 	 10823.52 	 24855052458575.000000 	 2.922000 	 10800 	 C:\z_mine\research\MEMO muppets\z_research\mup_single\114058_res_00.txt 	  69 	 115 	 151 	 239 	 287 	 183 	 133 	 59 	 15 	 4 	 3 	 2 	 0 	 0 	 0 	 0 	 0 	 0 	 0 	 0 	 
0.00008690 	 11506 	 4.7278 	 1 	 12 	 105400478 	 10810.30 	 24824172292744.000000 	 2.953000 	 10800 	 C:\z_mine\research\MEMO muppets\z_research\mup_single\114059_res_00.txt 	  77 	 116 	 151 	 235 	 267 	 172 	 129 	 69 	 19 	 16 	 6 	 3 	 0 	 0 	 0 	 0 	 0 	 0 	 0 	 0 	 
0.00006887 	 14520 	 4.6365 	 1 	 15 	 116311689 	 10805.57 	 24813420372835.000000 	 3.469000 	 10800 	 C:\z_mine\research\MEMO muppets\z_research\mup_single\114060_res_00.txt 	  73 	 131 	 155 	 255 	 246 	 179 	 127 	 54 	 21 	 10 	 6 	 0 	 1 	 1 	 1 	 0 	 0 	 0 	 0 	 0 	 
0.00005182 	 19298 	 4.6238 	 1 	 12 	 109474129 	 10819.03 	 24843784351922.000000 	 4.157000 	 10800 	 C:\z_mine\research\MEMO muppets\z_research\mup_single\114061_res_00.txt 	  78 	 150 	 161 	 231 	 221 	 170 	 141 	 65 	 28 	 11 	 1 	 3 	 0 	 0 	 0 	 0 	 0 	 0 	 0 	 0 	 
1.00000000 	 0 	 4.1905 	 1 	 11 	 159674 	 23.68 	 54105568198.000000 	 1.156000 	 10800 	 C:\z_mine\research\MEMO muppets\z_research\mup_single\128078_res_00.txt 	  91 	 149 	 203 	 293 	 235 	 152 	 85 	 44 	 5 	 2 	 1 	 0 	 0 	 0 	 0 	 0 	 0 	 0 	 0 	 0 	 
1.00000000 	 0 	 4.1635 	 1 	 11 	 197026 	 27.78 	 63323578026.000000 	 1.719000 	 10800 	 C:\z_mine\research\MEMO muppets\z_research\mup_single\128079_res_00.txt 	  93 	 166 	 181 	 300 	 241 	 143 	 95 	 28 	 7 	 3 	 3 	 0 	 0 	 0 	 0 	 0 	 0 	 0 	 0 	 0 	 
1.00000000 	 0 	 4.1127 	 1 	 12 	 9673913 	 623.03 	 1428776178831.000000 	 2.000000 	 10800 	 C:\z_mine\research\MEMO muppets\z_research\mup_single\128080_res_00.txt 	  93 	 162 	 198 	 308 	 239 	 128 	 93 	 31 	 5 	 2 	 0 	 1 	 0 	 0 	 0 	 0 	 0 	 0 	 0 	 0 	 
1.00000000 	 0 	 4.0778 	 1 	 10 	 444775 	 47.84 	 108358213588.000000 	 2.469000 	 10800 	 C:\z_mine\research\MEMO muppets\z_research\mup_single\128081_res_00.txt 	  100 	 198 	 202 	 260 	 210 	 149 	 88 	 44 	 6 	 3 	 0 	 0 	 0 	 0 	 0 	 0 	 0 	 0 	 0 	 0 	 
1.00000000 	 0 	 4.0643 	 1 	 12 	 63513416 	 5278.62 	 12119703079151.000000 	 3.031000 	 10800 	 C:\z_mine\research\MEMO muppets\z_research\mup_single\128082_res_00.txt 	  105 	 179 	 211 	 282 	 210 	 140 	 83 	 34 	 10 	 3 	 2 	 1 	 0 	 0 	 0 	 0 	 0 	 0 	 0 	 0 	 
0.00036010 	 2776 	 4.0413 	 1 	 11 	 112711704 	 10804.25 	 24807875899832.000000 	 4.875000 	 10800 	 C:\z_mine\research\MEMO muppets\z_research\mup_single\128083_res_00.txt 	  113 	 184 	 195 	 259 	 243 	 147 	 74 	 37 	 3 	 3 	 2 	 0 	 0 	 0 	 0 	 0 	 0 	 0 	 0 	 0 	 
0.00012799 	 7812 	 4.0421 	 1 	 10 	 120265867 	 10817.50 	 24839724969846.000000 	 4.375000 	 10800 	 C:\z_mine\research\MEMO muppets\z_research\mup_single\128084_res_00.txt 	  110 	 200 	 187 	 263 	 220 	 150 	 80 	 42 	 6 	 2 	 0 	 0 	 0 	 0 	 0 	 0 	 0 	 0 	 0 	 0 	 
0.00007791 	 12835 	 4.0111 	 1 	 11 	 123478592 	 10816.65 	 24836543024890.000000 	 5.015000 	 10800 	 C:\z_mine\research\MEMO muppets\z_research\mup_single\128085_res_00.txt 	  122 	 196 	 210 	 254 	 195 	 147 	 74 	 48 	 6 	 7 	 1 	 0 	 0 	 0 	 0 	 0 	 0 	 0 	 0 	 0 	 
0.00004785 	 20898 	 4.0079 	 1 	 12 	 120313607 	 10829.03 	 24866298283248.000000 	 4.860000 	 10800 	 C:\z_mine\research\MEMO muppets\z_research\mup_single\128086_res_00.txt 	  117 	 206 	 197 	 263 	 202 	 146 	 80 	 24 	 16 	 5 	 2 	 2 	 0 	 0 	 0 	 0 	 0 	 0 	 0 	 0 	 
0.00003403 	 29382 	 3.9968 	 1 	 10 	 119809834 	 10821.76 	 24849008961332.000000 	 5.969000 	 10800 	 C:\z_mine\research\MEMO muppets\z_research\mup_single\128087_res_00.txt 	  113 	 194 	 220 	 263 	 194 	 145 	 84 	 33 	 9 	 5 	 0 	 0 	 0 	 0 	 0 	 0 	 0 	 0 	 0 	 0 	 
1.00000000 	 0 	 4.2365 	 1 	 10 	 39500 	 7.29 	 16438361078.000000 	 0.578000 	 10800 	 C:\z_mine\research\MEMO muppets\z_research\mup_single\144079_res_00.txt 	  49 	 101 	 177 	 463 	 235 	 142 	 73 	 15 	 4 	 1 	 0 	 0 	 0 	 0 	 0 	 0 	 0 	 0 	 0 	 0 	 
1.00000000 	 0 	 4.2151 	 1 	 10 	 72859 	 8.76 	 19867914456.000000 	 0.610000 	 10800 	 C:\z_mine\research\MEMO muppets\z_research\mup_single\144080_res_00.txt 	  47 	 89 	 207 	 456 	 240 	 131 	 69 	 18 	 2 	 1 	 0 	 0 	 0 	 0 	 0 	 0 	 0 	 0 	 0 	 0 	 
1.00000000 	 0 	 4.2278 	 1 	 10 	 85820 	 9.68 	 21976762769.000000 	 0.687000 	 10800 	 C:\z_mine\research\MEMO muppets\z_research\mup_single\144081_res_00.txt 	  51 	 96 	 187 	 445 	 250 	 148 	 65 	 14 	 2 	 2 	 0 	 0 	 0 	 0 	 0 	 0 	 0 	 0 	 0 	 0 	 
1.00000000 	 0 	 4.2881 	 1 	 14 	 1491733 	 90.92 	 208190681328.000000 	 0.890000 	 10800 	 C:\z_mine\research\MEMO muppets\z_research\mup_single\144082_res_00.txt 	  40 	 93 	 206 	 439 	 244 	 137 	 65 	 25 	 8 	 2 	 0 	 0 	 0 	 1 	 0 	 0 	 0 	 0 	 0 	 0 	 
0.00038314 	 2609 	 4.2690 	 1 	 10 	 55853863 	 10884.47 	 24994174235917.000000 	 1.922000 	 10800 	 C:\z_mine\research\MEMO muppets\z_research\mup_single\144083_res_00.txt 	  71 	 95 	 176 	 401 	 257 	 161 	 69 	 20 	 8 	 2 	 0 	 0 	 0 	 0 	 0 	 0 	 0 	 0 	 0 	 0 	 
0.00018073 	 5532 	 4.2405 	 1 	 11 	 54311482 	 10855.86 	 24928055410356.000000 	 1.938000 	 10800 	 C:\z_mine\research\MEMO muppets\z_research\mup_single\144084_res_00.txt 	  56 	 104 	 202 	 407 	 240 	 145 	 83 	 15 	 7 	 0 	 1 	 0 	 0 	 0 	 0 	 0 	 0 	 0 	 0 	 0 	 
0.00010187 	 9815 	 4.2429 	 1 	 10 	 59168399 	 10806.98 	 24816918592097.000000 	 1.969000 	 10800 	 C:\z_mine\research\MEMO muppets\z_research\mup_single\144085_res_00.txt 	  66 	 112 	 198 	 399 	 216 	 152 	 78 	 25 	 12 	 2 	 0 	 0 	 0 	 0 	 0 	 0 	 0 	 0 	 0 	 0 	 
0.00006868 	 14560 	 4.2071 	 1 	 11 	 59708593 	 10878.67 	 24978333434137.000000 	 2.093000 	 10800 	 C:\z_mine\research\MEMO muppets\z_research\mup_single\144086_res_00.txt 	  67 	 138 	 188 	 367 	 232 	 159 	 75 	 27 	 2 	 2 	 3 	 0 	 0 	 0 	 0 	 0 	 0 	 0 	 0 	 0 	 
0.00005853 	 17085 	 4.2159 	 1 	 12 	 62459222 	 10867.55 	 24955513468037.000000 	 2.328000 	 10800 	 C:\z_mine\research\MEMO muppets\z_research\mup_single\144087_res_00.txt 	  62 	 123 	 195 	 396 	 232 	 153 	 62 	 21 	 10 	 3 	 1 	 2 	 0 	 0 	 0 	 0 	 0 	 0 	 0 	 0 	 
0.00003815 	 26208 	 4.2619 	 1 	 15 	 62223831 	 10851.81 	 24917496771598.000000 	 2.969000 	 10800 	 C:\z_mine\research\MEMO muppets\z_research\mup_single\144088_res_00.txt 	  74 	 140 	 173 	 382 	 211 	 151 	 79 	 24 	 12 	 8 	 2 	 2 	 0 	 1 	 1 	 0 	 0 	 0 	 0 	 0 	 
1.00000000 	 0 	 4.1865 	 1 	 10 	 227503 	 17.21 	 39494667435.000000 	 0.610000 	 10800 	 C:\z_mine\research\MEMO muppets\z_research\mup_single\162093_res_00.txt 	  33 	 88 	 184 	 535 	 229 	 123 	 57 	 8 	 2 	 1 	 0 	 0 	 0 	 0 	 0 	 0 	 0 	 0 	 0 	 0 	 
1.00000000 	 0 	 4.1698 	 1 	 10 	 150351 	 12.60 	 28881838383.000000 	 0.547000 	 10800 	 C:\z_mine\research\MEMO muppets\z_research\mup_single\162094_res_00.txt 	  35 	 85 	 186 	 547 	 217 	 125 	 55 	 8 	 1 	 1 	 0 	 0 	 0 	 0 	 0 	 0 	 0 	 0 	 0 	 0 	 
1.00000000 	 0 	 4.1643 	 1 	 9 	 104828 	 16.38 	 37587245719.000000 	 0.797000 	 10800 	 C:\z_mine\research\MEMO muppets\z_research\mup_single\162095_res_00.txt 	  46 	 97 	 188 	 493 	 236 	 127 	 57 	 14 	 2 	 0 	 0 	 0 	 0 	 0 	 0 	 0 	 0 	 0 	 0 	 0 	 
1.00000000 	 0 	 4.2087 	 1 	 12 	 2532850 	 166.98 	 383369567272.000000 	 0.500000 	 10800 	 C:\z_mine\research\MEMO muppets\z_research\mup_single\162096_res_00.txt 	  46 	 84 	 188 	 517 	 213 	 131 	 52 	 23 	 4 	 1 	 0 	 1 	 0 	 0 	 0 	 0 	 0 	 0 	 0 	 0 	 
1.00000000 	 0 	 4.2206 	 1 	 12 	 6104485 	 519.53 	 1192810875275.000000 	 0.984000 	 10800 	 C:\z_mine\research\MEMO muppets\z_research\mup_single\162097_res_00.txt 	  39 	 95 	 175 	 518 	 222 	 129 	 60 	 14 	 6 	 1 	 0 	 1 	 0 	 0 	 0 	 0 	 0 	 0 	 0 	 0 	 
0.00021697 	 4608 	 4.1913 	 1 	 13 	 44277037 	 10879.94 	 24981024791705.000000 	 1.938000 	 10800 	 C:\z_mine\research\MEMO muppets\z_research\mup_single\162098_res_00.txt 	  55 	 101 	 181 	 490 	 208 	 138 	 61 	 17 	 5 	 2 	 0 	 1 	 1 	 0 	 0 	 0 	 0 	 0 	 0 	 0 	 
0.00015129 	 6609 	 4.1960 	 1 	 14 	 44357751 	 10896.10 	 25018780524649.000000 	 1.985000 	 10800 	 C:\z_mine\research\MEMO muppets\z_research\mup_single\162099_res_00.txt 	  56 	 96 	 205 	 464 	 212 	 142 	 58 	 12 	 9 	 1 	 1 	 2 	 0 	 2 	 0 	 0 	 0 	 0 	 0 	 0 	 
0.00009900 	 10100 	 4.1667 	 1 	 10 	 44943470 	 10814.55 	 24830492739599.000000 	 1.812000 	 10800 	 C:\z_mine\research\MEMO muppets\z_research\mup_single\162100_res_00.txt 	  55 	 89 	 216 	 466 	 215 	 133 	 68 	 8 	 8 	 2 	 0 	 0 	 0 	 0 	 0 	 0 	 0 	 0 	 0 	 0 	 
0.00006700 	 14924 	 4.1952 	 1 	 13 	 48330499 	 10809.48 	 24819496926424.000000 	 2.016000 	 10800 	 C:\z_mine\research\MEMO muppets\z_research\mup_single\162101_res_00.txt 	  68 	 99 	 175 	 464 	 242 	 116 	 58 	 25 	 7 	 4 	 1 	 0 	 1 	 0 	 0 	 0 	 0 	 0 	 0 	 0 	 
0.00005731 	 17448 	 4.1730 	 1 	 12 	 46995326 	 10861.88 	 24938983086762.000000 	 2.000000 	 10800 	 C:\z_mine\research\MEMO muppets\z_research\mup_single\162102_res_00.txt 	  61 	 104 	 192 	 455 	 222 	 141 	 60 	 14 	 7 	 3 	 0 	 1 	 0 	 0 	 0 	 0 	 0 	 0 	 0 	 0 	 
1.00000000 	 0 	 4.2812 	 1 	 11 	 2917321 	 301.47 	 692307857612.000000 	 5.219000 	 10800 	 C:\z_mine\research\MEMO muppets\z_research\mup_single\g120b00_res_00.txt 	  205 	 370 	 340 	 449 	 447 	 347 	 190 	 94 	 38 	 19 	 1 	 0 	 0 	 0 	 0 	 0 	 0 	 0 	 0 	 0 	 
1.00000000 	 0 	 4.2324 	 1 	 11 	 650439 	 136.83 	 314165383095.000000 	 4.922000 	 10800 	 C:\z_mine\research\MEMO muppets\z_research\mup_single\g120b01_res_00.txt 	  221 	 349 	 371 	 459 	 447 	 299 	 203 	 107 	 35 	 7 	 2 	 0 	 0 	 0 	 0 	 0 	 0 	 0 	 0 	 0 	 
1.00000000 	 0 	 4.1832 	 1 	 12 	 1599520 	 208.82 	 479516535987.000000 	 5.063000 	 10800 	 C:\z_mine\research\MEMO muppets\z_research\mup_single\g120b02_res_00.txt 	  212 	 356 	 414 	 442 	 447 	 313 	 185 	 78 	 40 	 12 	 0 	 1 	 0 	 0 	 0 	 0 	 0 	 0 	 0 	 0 	 
0.00917431 	 108 	 4.1764 	 1 	 18 	 95738659 	 10822.82 	 24848998252705.000000 	 7.172000 	 10800 	 C:\z_mine\research\MEMO muppets\z_research\mup_single\g120b03_res_00.txt 	  237 	 386 	 396 	 403 	 435 	 309 	 172 	 94 	 48 	 15 	 2 	 1 	 1 	 0 	 0 	 0 	 0 	 1 	 0 	 0 	 
0.00019736 	 5066 	 4.0360 	 1 	 11 	 129348621 	 10810.20 	 24820077678807.000000 	 10.015000 	 10800 	 C:\z_mine\research\MEMO muppets\z_research\mup_single\g120b04_res_00.txt 	  223 	 419 	 426 	 471 	 399 	 258 	 164 	 95 	 35 	 9 	 1 	 0 	 0 	 0 	 0 	 0 	 0 	 0 	 0 	 0 	 
0.00033434 	 2990 	 4.0472 	 1 	 11 	 123024321 	 10824.93 	 24854256544644.000000 	 10.156000 	 10800 	 C:\z_mine\research\MEMO muppets\z_research\mup_single\g120b05_res_00.txt 	  232 	 405 	 453 	 429 	 376 	 312 	 158 	 84 	 40 	 10 	 1 	 0 	 0 	 0 	 0 	 0 	 0 	 0 	 0 	 0 	 
0.00004301 	 23249 	 4.0592 	 1 	 10 	 129604092 	 10810.53 	 24821085790754.000000 	 10.969000 	 10800 	 C:\z_mine\research\MEMO muppets\z_research\mup_single\g120b06_res_00.txt 	  225 	 408 	 452 	 422 	 383 	 307 	 176 	 77 	 42 	 8 	 0 	 0 	 0 	 0 	 0 	 0 	 0 	 0 	 0 	 0 	 
0.00003099 	 32265 	 4.0820 	 1 	 10 	 127675842 	 10813.49 	 24824694023985.000000 	 11.141000 	 10800 	 C:\z_mine\research\MEMO muppets\z_research\mup_single\g120b07_res_00.txt 	  224 	 357 	 435 	 484 	 425 	 285 	 178 	 70 	 35 	 7 	 0 	 0 	 0 	 0 	 0 	 0 	 0 	 0 	 0 	 0 	 
0.00001879 	 53222 	 4.0468 	 1 	 10 	 121311549 	 10824.64 	 24850719456601.000000 	 13.235000 	 10800 	 C:\z_mine\research\MEMO muppets\z_research\mup_single\g120b08_res_00.txt 	  218 	 374 	 468 	 463 	 418 	 278 	 165 	 70 	 38 	 8 	 0 	 0 	 0 	 0 	 0 	 0 	 0 	 0 	 0 	 0 	 
0.00002349 	 42564 	 4.0504 	 1 	 10 	 122619393 	 10813.60 	 24823977289585.000000 	 12.859000 	 10800 	 C:\z_mine\research\MEMO muppets\z_research\mup_single\g120b09_res_00.txt 	  245 	 384 	 431 	 460 	 395 	 280 	 172 	 90 	 29 	 14 	 0 	 0 	 0 	 0 	 0 	 0 	 0 	 0 	 0 	 0 	 
0.00004133 	 24192 	 3.9732 	 1 	 10 	 117626464 	 10807.57 	 24808717545509.000000 	 14.828000 	 10800 	 C:\z_mine\research\MEMO muppets\z_research\mup_single\g120d00_res_00.txt 	  252 	 370 	 470 	 477 	 383 	 284 	 155 	 71 	 29 	 9 	 0 	 0 	 0 	 0 	 0 	 0 	 0 	 0 	 0 	 0 	 
0.00003621 	 27615 	 4.1164 	 1 	 11 	 109368470 	 10814.20 	 24822648398125.000000 	 15.047000 	 10800 	 C:\z_mine\research\MEMO muppets\z_research\mup_single\g120d01_res_00.txt 	  229 	 393 	 421 	 447 	 389 	 286 	 185 	 96 	 42 	 9 	 3 	 0 	 0 	 0 	 0 	 0 	 0 	 0 	 0 	 0 	 
0.00029121 	 3433 	 4.0960 	 1 	 12 	 115870380 	 10801.86 	 24796363897010.000000 	 11.141000 	 10800 	 C:\z_mine\research\MEMO muppets\z_research\mup_single\g120d02_res_00.txt 	  224 	 383 	 439 	 424 	 444 	 289 	 155 	 94 	 38 	 7 	 2 	 1 	 0 	 0 	 0 	 0 	 0 	 0 	 0 	 0 	 
0.00004860 	 20576 	 4.0756 	 1 	 10 	 116434456 	 10824.19 	 24845041353809.000000 	 14.516000 	 10800 	 C:\z_mine\research\MEMO muppets\z_research\mup_single\g120d03_res_00.txt 	  229 	 370 	 451 	 490 	 363 	 286 	 169 	 94 	 39 	 9 	 0 	 0 	 0 	 0 	 0 	 0 	 0 	 0 	 0 	 0 	 
0.00012593 	 7940 	 4.1400 	 1 	 10 	 123893933 	 10818.24 	 24833158373675.000000 	 12.813000 	 10800 	 C:\z_mine\research\MEMO muppets\z_research\mup_single\g120d04_res_00.txt 	  213 	 352 	 466 	 466 	 370 	 303 	 196 	 89 	 31 	 14 	 0 	 0 	 0 	 0 	 0 	 0 	 0 	 0 	 0 	 0 	 
0.00006397 	 15632 	 4.1276 	 1 	 11 	 120139549 	 10816.84 	 24829019172276.000000 	 15.656000 	 10800 	 C:\z_mine\research\MEMO muppets\z_research\mup_single\g120d05_res_00.txt 	  210 	 377 	 466 	 419 	 413 	 306 	 162 	 92 	 42 	 11 	 2 	 0 	 0 	 0 	 0 	 0 	 0 	 0 	 0 	 0 	 
0.00015116 	 6614 	 4.1384 	 1 	 11 	 115054477 	 10824.41 	 24848020539270.000000 	 12.437000 	 10800 	 C:\z_mine\research\MEMO muppets\z_research\mup_single\g120d06_res_00.txt 	  225 	 354 	 468 	 456 	 382 	 278 	 172 	 103 	 44 	 15 	 3 	 0 	 0 	 0 	 0 	 0 	 0 	 0 	 0 	 0 	 
0.00024024 	 4162 	 4.4252 	 1 	 16 	 86174619 	 10811.20 	 24817560132066.000000 	 15.407000 	 10800 	 C:\z_mine\research\MEMO muppets\z_research\mup_single\g120d07_res_00.txt 	  246 	 358 	 369 	 409 	 353 	 285 	 191 	 161 	 76 	 22 	 15 	 10 	 3 	 1 	 0 	 1 	 0 	 0 	 0 	 0 	 
0.00032473 	 3078 	 4.3428 	 1 	 12 	 95085302 	 10833.68 	 24869219919096.000000 	 13.203000 	 10800 	 C:\z_mine\research\MEMO muppets\z_research\mup_single\g120d08_res_00.txt 	  251 	 349 	 400 	 388 	 351 	 318 	 203 	 137 	 66 	 26 	 10 	 1 	 0 	 0 	 0 	 0 	 0 	 0 	 0 	 0 	 
0.00002916 	 34296 	 4.4964 	 1 	 14 	 82191181 	 10818.93 	 24831516208097.000000 	 20.187000 	 10800 	 C:\z_mine\research\MEMO muppets\z_research\mup_single\g120d09_res_00.txt 	  240 	 363 	 381 	 365 	 360 	 290 	 191 	 140 	 84 	 49 	 21 	 11 	 4 	 1 	 0 	 0 	 0 	 0 	 0 	 0 	 
1.00000000 	 0 	 4.2381 	 1 	 12 	 230157 	 32.82 	 72930755021.000000 	 1.969000 	 10800 	 C:\z_mine\research\MEMO muppets\z_research\mup_single\g120074_res_00.txt 	  106 	 170 	 188 	 232 	 239 	 164 	 97 	 40 	 18 	 5 	 0 	 1 	 0 	 0 	 0 	 0 	 0 	 0 	 0 	 0 	 
1.00000000 	 0 	 4.1984 	 1 	 10 	 2842448 	 178.81 	 407652551265.000000 	 2.547000 	 10800 	 C:\z_mine\research\MEMO muppets\z_research\mup_single\g120075_res_00.txt 	  111 	 159 	 192 	 254 	 239 	 151 	 90 	 43 	 16 	 5 	 0 	 0 	 0 	 0 	 0 	 0 	 0 	 0 	 0 	 0 	 
1.00000000 	 0 	 4.1444 	 1 	 11 	 94640775 	 5939.01 	 13636851047394.000000 	 4.234000 	 10800 	 C:\z_mine\research\MEMO muppets\z_research\mup_single\g120076_res_00.txt 	  118 	 178 	 201 	 234 	 221 	 149 	 90 	 47 	 17 	 4 	 1 	 0 	 0 	 0 	 0 	 0 	 0 	 0 	 0 	 0 	 
0.00151745 	 658 	 4.0968 	 1 	 10 	 164996579 	 10803.50 	 24804929413736.000000 	 4.703000 	 10800 	 C:\z_mine\research\MEMO muppets\z_research\mup_single\g120077_res_00.txt 	  114 	 186 	 217 	 231 	 211 	 149 	 90 	 41 	 16 	 5 	 0 	 0 	 0 	 0 	 0 	 0 	 0 	 0 	 0 	 0 	 
0.00040634 	 2460 	 4.0603 	 1 	 11 	 171601197 	 10813.74 	 24829765675852.000000 	 5.781000 	 10800 	 C:\z_mine\research\MEMO muppets\z_research\mup_single\g120078_res_00.txt 	  120 	 192 	 218 	 228 	 208 	 145 	 84 	 43 	 17 	 4 	 1 	 0 	 0 	 0 	 0 	 0 	 0 	 0 	 0 	 0 	 
0.00022119 	 4520 	 4.0127 	 1 	 10 	 175428061 	 10812.57 	 24826040039743.000000 	 6.500000 	 10800 	 C:\z_mine\research\MEMO muppets\z_research\mup_single\g120079_res_00.txt 	  120 	 196 	 230 	 231 	 199 	 139 	 83 	 42 	 16 	 4 	 0 	 0 	 0 	 0 	 0 	 0 	 0 	 0 	 0 	 0 	 
0.00006579 	 15200 	 4.0286 	 1 	 11 	 177510616 	 10815.00 	 24833021234587.000000 	 6.000000 	 10800 	 C:\z_mine\research\MEMO muppets\z_research\mup_single\g120080_res_00.txt 	  120 	 194 	 228 	 229 	 198 	 145 	 86 	 40 	 15 	 4 	 1 	 0 	 0 	 0 	 0 	 0 	 0 	 0 	 0 	 0 	 
0.00005387 	 18561 	 4.0016 	 1 	 10 	 177835139 	 10805.94 	 24811543627254.000000 	 6.781000 	 10800 	 C:\z_mine\research\MEMO muppets\z_research\mup_single\g120081_res_00.txt 	  120 	 196 	 232 	 232 	 199 	 140 	 81 	 40 	 16 	 4 	 0 	 0 	 0 	 0 	 0 	 0 	 0 	 0 	 0 	 0 	 
0.00003421 	 29230 	 4.0016 	 1 	 10 	 173550587 	 10825.50 	 24855914724034.000000 	 6.235000 	 10800 	 C:\z_mine\research\MEMO muppets\z_research\mup_single\g120082_res_00.txt 	  120 	 196 	 232 	 232 	 199 	 140 	 81 	 40 	 16 	 4 	 0 	 0 	 0 	 0 	 0 	 0 	 0 	 0 	 0 	 0 	 
0.00002401 	 41651 	 4.0016 	 1 	 11 	 175473548 	 10807.72 	 24815742012189.000000 	 6.500000 	 10800 	 C:\z_mine\research\MEMO muppets\z_research\mup_single\g120083_res_00.txt 	  120 	 196 	 232 	 232 	 200 	 140 	 80 	 40 	 15 	 4 	 1 	 0 	 0 	 0 	 0 	 0 	 0 	 0 	 0 	 0 	 
