0.00056996 	 1754 	 5.0332 	 1 	 15 	 82040395 	 10896.34 	 25018669734317.000000 	 4.125000 	 10800 	 C:\z_mine\research\MEMO muppets\z_research\mup_active\104b00_res_00.txt 	  110 	 223 	 292 	 435 	 463 	 351 	 295 	 200 	 63 	 23 	 23 	 14 	 6 	 1 	 1 	 0 	 0 	 0 	 0 	 0 	 
0.00083022 	 1204 	 5.0264 	 1 	 19 	 84948785 	 10820.03 	 24844301070732.000000 	 4.547000 	 10800 	 C:\z_mine\research\MEMO muppets\z_research\mup_active\104b01_res_00.txt 	  126 	 241 	 289 	 416 	 431 	 376 	 280 	 190 	 81 	 30 	 17 	 9 	 3 	 4 	 0 	 4 	 2 	 0 	 1 	 0 	 
0.00180668 	 552 	 4.9612 	 1 	 15 	 79219008 	 10888.65 	 24999732698677.000000 	 4.953000 	 10800 	 C:\z_mine\research\MEMO muppets\z_research\mup_active\104b02_res_00.txt 	  137 	 244 	 279 	 418 	 485 	 357 	 268 	 152 	 76 	 39 	 24 	 9 	 5 	 6 	 1 	 0 	 0 	 0 	 0 	 0 	 
0.00031051 	 3220 	 4.8652 	 1 	 16 	 91761406 	 10865.97 	 24949153536858.000000 	 3.953000 	 10800 	 C:\z_mine\research\MEMO muppets\z_research\mup_active\104b03_res_00.txt 	  165 	 248 	 292 	 434 	 440 	 347 	 266 	 158 	 79 	 38 	 17 	 8 	 6 	 1 	 0 	 1 	 0 	 0 	 0 	 0 	 
0.00036284 	 2755 	 4.9816 	 1 	 18 	 81173279 	 10813.86 	 24827879693889.000000 	 5.250000 	 10800 	 C:\z_mine\research\MEMO muppets\z_research\mup_active\104b04_res_00.txt 	  152 	 211 	 317 	 450 	 402 	 342 	 299 	 154 	 88 	 40 	 21 	 9 	 7 	 4 	 2 	 1 	 0 	 1 	 0 	 0 	 
0.00019988 	 5002 	 4.8228 	 1 	 15 	 95665003 	 10815.50 	 24832276062607.000000 	 5.437000 	 10800 	 C:\z_mine\research\MEMO muppets\z_research\mup_active\104b05_res_00.txt 	  156 	 266 	 331 	 426 	 415 	 335 	 250 	 178 	 75 	 38 	 15 	 9 	 2 	 1 	 3 	 0 	 0 	 0 	 0 	 0 	 
0.00023807 	 4200 	 4.8816 	 1 	 19 	 88852458 	 10845.75 	 24900296715924.000000 	 7.015000 	 10800 	 C:\z_mine\research\MEMO muppets\z_research\mup_active\104b06_res_00.txt 	  153 	 260 	 327 	 442 	 432 	 338 	 241 	 132 	 78 	 37 	 16 	 15 	 7 	 10 	 5 	 4 	 2 	 0 	 1 	 0 	 
0.00016731 	 5976 	 4.6936 	 1 	 19 	 98834989 	 10801.52 	 24797389975602.000000 	 6.922000 	 10800 	 C:\z_mine\research\MEMO muppets\z_research\mup_active\104b07_res_00.txt 	  187 	 320 	 340 	 439 	 373 	 310 	 222 	 140 	 77 	 45 	 22 	 10 	 4 	 3 	 1 	 4 	 1 	 1 	 1 	 0 	 
0.00010045 	 9954 	 4.6336 	 1 	 19 	 105321483 	 10823.58 	 24848118498611.000000 	 11.953000 	 10800 	 C:\z_mine\research\MEMO muppets\z_research\mup_active\104b08_res_00.txt 	  185 	 335 	 363 	 506 	 335 	 267 	 209 	 130 	 77 	 25 	 22 	 9 	 14 	 5 	 6 	 6 	 4 	 1 	 1 	 0 	 
0.00006297 	 15879 	 4.4728 	 1 	 17 	 123501294 	 10832.00 	 24868156007294.000000 	 10.719000 	 10800 	 C:\z_mine\research\MEMO muppets\z_research\mup_active\104b09_res_00.txt 	  198 	 341 	 366 	 496 	 339 	 322 	 197 	 104 	 73 	 27 	 16 	 10 	 4 	 3 	 1 	 1 	 2 	 0 	 0 	 0 	 
0.00008902 	 11232 	 4.7104 	 1 	 15 	 117511166 	 10804.50 	 24803216065476.000000 	 16.093000 	 10800 	 C:\z_mine\research\MEMO muppets\z_research\mup_active\104d00_res_00.txt 	  219 	 315 	 360 	 408 	 328 	 296 	 241 	 129 	 84 	 51 	 35 	 21 	 7 	 4 	 2 	 0 	 0 	 0 	 0 	 0 	 
0.00003667 	 27268 	 4.3920 	 1 	 15 	 146501172 	 10801.61 	 24797875985077.000000 	 16.500000 	 10800 	 C:\z_mine\research\MEMO muppets\z_research\mup_active\104d01_res_00.txt 	  198 	 333 	 445 	 464 	 339 	 285 	 195 	 117 	 71 	 29 	 10 	 6 	 5 	 2 	 1 	 0 	 0 	 0 	 0 	 0 	 
0.00006045 	 16540 	 4.9636 	 1 	 20 	 98804180 	 10814.44 	 24827006027395.000000 	 17.094000 	 10800 	 C:\z_mine\research\MEMO muppets\z_research\mup_active\104d02_res_00.txt 	  206 	 293 	 318 	 475 	 324 	 290 	 173 	 135 	 96 	 66 	 36 	 26 	 27 	 17 	 8 	 4 	 3 	 2 	 0 	 1 	 
0.00009375 	 10666 	 4.4852 	 1 	 15 	 145665079 	 10804.69 	 24805149366488.000000 	 12.797000 	 10800 	 C:\z_mine\research\MEMO muppets\z_research\mup_active\104d03_res_00.txt 	  192 	 305 	 371 	 471 	 386 	 332 	 225 	 115 	 62 	 27 	 7 	 2 	 3 	 1 	 1 	 0 	 0 	 0 	 0 	 0 	 
0.00016770 	 5962 	 4.7484 	 1 	 16 	 123590418 	 10802.73 	 24800938993020.000000 	 15.218000 	 10800 	 C:\z_mine\research\MEMO muppets\z_research\mup_active\104d04_res_00.txt 	  170 	 356 	 359 	 436 	 318 	 264 	 230 	 160 	 92 	 46 	 36 	 20 	 6 	 4 	 2 	 1 	 0 	 0 	 0 	 0 	 
0.00036121 	 2768 	 4.8188 	 1 	 21 	 107318862 	 10801.73 	 24799372203373.000000 	 8.235000 	 10800 	 C:\z_mine\research\MEMO muppets\z_research\mup_active\104d05_res_00.txt 	  188 	 306 	 320 	 486 	 382 	 288 	 205 	 120 	 72 	 33 	 29 	 17 	 9 	 18 	 11 	 5 	 7 	 2 	 1 	 1 	 
0.00028584 	 3498 	 4.9084 	 1 	 16 	 101702752 	 10829.07 	 24861611867254.000000 	 10.766000 	 10800 	 C:\z_mine\research\MEMO muppets\z_research\mup_active\104d06_res_00.txt 	  182 	 309 	 310 	 416 	 341 	 306 	 251 	 160 	 105 	 55 	 27 	 14 	 9 	 6 	 6 	 3 	 0 	 0 	 0 	 0 	 
0.00143369 	 696 	 5.2872 	 1 	 21 	 87306123 	 10814.61 	 24829388198031.000000 	 7.813000 	 10800 	 C:\z_mine\research\MEMO muppets\z_research\mup_active\104d07_res_00.txt 	  156 	 243 	 332 	 435 	 341 	 286 	 224 	 146 	 117 	 81 	 48 	 28 	 14 	 16 	 12 	 8 	 3 	 3 	 4 	 3 	 
0.00029125 	 3432 	 4.6772 	 1 	 16 	 121629062 	 10804.57 	 24803865597349.000000 	 11.875000 	 10800 	 C:\z_mine\research\MEMO muppets\z_research\mup_active\104d08_res_00.txt 	  176 	 315 	 390 	 481 	 350 	 281 	 199 	 123 	 64 	 39 	 26 	 24 	 18 	 7 	 4 	 3 	 0 	 0 	 0 	 0 	 
0.00014504 	 6893 	 4.3816 	 1 	 17 	 130942572 	 10803.78 	 24800589233322.000000 	 13.250000 	 10800 	 C:\z_mine\research\MEMO muppets\z_research\mup_active\104d09_res_00.txt 	  173 	 382 	 360 	 519 	 384 	 278 	 191 	 110 	 52 	 19 	 15 	 4 	 4 	 4 	 4 	 0 	 1 	 0 	 0 	 0 	 
1.00000000 	 0 	 4.9892 	 1 	 11 	 33083 	 17.61 	 40314164824.000000 	 1.047000 	 10800 	 C:\z_mine\research\MEMO muppets\z_research\mup_active\114b00_res_00.txt 	  75 	 129 	 238 	 495 	 690 	 397 	 283 	 137 	 30 	 19 	 7 	 0 	 0 	 0 	 0 	 0 	 0 	 0 	 0 	 0 	 
1.00000000 	 0 	 4.9096 	 1 	 12 	 37355 	 15.11 	 34562976205.000000 	 0.735000 	 10800 	 C:\z_mine\research\MEMO muppets\z_research\mup_active\114b01_res_00.txt 	  79 	 161 	 253 	 501 	 635 	 407 	 287 	 131 	 30 	 11 	 4 	 1 	 0 	 0 	 0 	 0 	 0 	 0 	 0 	 0 	 
1.00000000 	 0 	 4.9436 	 1 	 11 	 26200 	 16.38 	 37515989513.000000 	 0.735000 	 10800 	 C:\z_mine\research\MEMO muppets\z_research\mup_active\114b02_res_00.txt 	  84 	 129 	 247 	 467 	 707 	 392 	 307 	 142 	 17 	 5 	 3 	 0 	 0 	 0 	 0 	 0 	 0 	 0 	 0 	 0 	 
0.00038956 	 2566 	 4.8900 	 1 	 15 	 70526309 	 10843.31 	 24894707761257.000000 	 5.704000 	 10800 	 C:\z_mine\research\MEMO muppets\z_research\mup_active\114b03_res_00.txt 	  140 	 225 	 292 	 447 	 502 	 345 	 277 	 139 	 59 	 36 	 21 	 10 	 3 	 1 	 3 	 0 	 0 	 0 	 0 	 0 	 
1.00000000 	 0 	 4.8608 	 1 	 16 	 40586697 	 5376.84 	 12345233473334.000000 	 4.938000 	 10800 	 C:\z_mine\research\MEMO muppets\z_research\mup_active\114b04_res_00.txt 	  130 	 241 	 242 	 496 	 523 	 368 	 243 	 151 	 43 	 29 	 13 	 8 	 6 	 3 	 2 	 2 	 0 	 0 	 0 	 0 	 
0.00089526 	 1116 	 4.8084 	 1 	 15 	 73079709 	 10826.25 	 24854232882557.000000 	 4.547000 	 10800 	 C:\z_mine\research\MEMO muppets\z_research\mup_active\114b05_res_00.txt 	  137 	 252 	 286 	 458 	 484 	 344 	 284 	 151 	 57 	 31 	 8 	 7 	 0 	 0 	 1 	 0 	 0 	 0 	 0 	 0 	 
1.00000000 	 0 	 4.7248 	 1 	 17 	 26440114 	 2803.56 	 6437833216770.000000 	 5.047000 	 10800 	 C:\z_mine\research\MEMO muppets\z_research\mup_active\114b06_res_00.txt 	  137 	 263 	 316 	 495 	 459 	 345 	 237 	 142 	 53 	 26 	 15 	 4 	 5 	 1 	 1 	 0 	 1 	 0 	 0 	 0 	 
0.00022386 	 4466 	 4.7772 	 1 	 20 	 77085873 	 10811.53 	 24820393974413.000000 	 6.157000 	 10800 	 C:\z_mine\research\MEMO muppets\z_research\mup_active\114b07_res_00.txt 	  170 	 265 	 270 	 459 	 477 	 352 	 230 	 149 	 58 	 35 	 18 	 9 	 2 	 4 	 0 	 0 	 0 	 1 	 0 	 1 	 
0.00009953 	 10046 	 4.8092 	 1 	 16 	 83864925 	 10810.28 	 24816162046128.000000 	 9.906000 	 10800 	 C:\z_mine\research\MEMO muppets\z_research\mup_active\114b08_res_00.txt 	  167 	 250 	 343 	 440 	 418 	 349 	 225 	 145 	 81 	 36 	 18 	 11 	 12 	 3 	 1 	 1 	 0 	 0 	 0 	 0 	 
0.00077340 	 1292 	 4.7416 	 1 	 15 	 79920684 	 10855.75 	 24921455570355.000000 	 6.046000 	 10800 	 C:\z_mine\research\MEMO muppets\z_research\mup_active\114b09_res_00.txt 	  156 	 266 	 314 	 465 	 455 	 330 	 248 	 149 	 56 	 29 	 13 	 8 	 8 	 1 	 2 	 0 	 0 	 0 	 0 	 0 	 
0.00060533 	 1651 	 4.7756 	 1 	 19 	 95433397 	 10817.42 	 24833089619282.000000 	 11.062000 	 10800 	 C:\z_mine\research\MEMO muppets\z_research\mup_active\114d00_res_00.txt 	  183 	 332 	 333 	 435 	 372 	 323 	 190 	 117 	 82 	 44 	 35 	 22 	 12 	 7 	 6 	 3 	 3 	 0 	 1 	 0 	 
0.00056721 	 1762 	 4.6892 	 1 	 19 	 91141003 	 10818.49 	 24834842064353.000000 	 10.203000 	 10800 	 C:\z_mine\research\MEMO muppets\z_research\mup_active\114d01_res_00.txt 	  223 	 317 	 330 	 437 	 375 	 298 	 189 	 126 	 85 	 50 	 30 	 16 	 8 	 7 	 4 	 2 	 2 	 0 	 1 	 0 	 
0.00049444 	 2021 	 4.7932 	 1 	 18 	 94567133 	 10808.69 	 24812477750141.000000 	 11.625000 	 10800 	 C:\z_mine\research\MEMO muppets\z_research\mup_active\114d02_res_00.txt 	  200 	 299 	 325 	 457 	 373 	 272 	 219 	 153 	 81 	 43 	 28 	 21 	 15 	 5 	 5 	 1 	 1 	 2 	 0 	 0 	 
0.00011939 	 8375 	 4.5376 	 1 	 15 	 105633864 	 10804.31 	 24798346423770.000000 	 19.719000 	 10800 	 C:\z_mine\research\MEMO muppets\z_research\mup_active\114d03_res_00.txt 	  201 	 345 	 362 	 434 	 379 	 294 	 212 	 128 	 68 	 33 	 23 	 9 	 8 	 3 	 1 	 0 	 0 	 0 	 0 	 0 	 
0.00022538 	 4436 	 4.2188 	 1 	 13 	 129703892 	 10828.00 	 24854712881016.000000 	 16.140000 	 10800 	 C:\z_mine\research\MEMO muppets\z_research\mup_active\114d04_res_00.txt 	  245 	 374 	 385 	 475 	 368 	 277 	 184 	 99 	 49 	 21 	 14 	 5 	 4 	 0 	 0 	 0 	 0 	 0 	 0 	 0 	 
0.00079586 	 1256 	 4.8696 	 1 	 22 	 77248047 	 10808.34 	 24808624103237.000000 	 10.610000 	 10800 	 C:\z_mine\research\MEMO muppets\z_research\mup_active\114d05_res_00.txt 	  208 	 305 	 315 	 471 	 351 	 274 	 219 	 119 	 71 	 55 	 37 	 24 	 18 	 11 	 7 	 5 	 3 	 2 	 3 	 2 	 
0.00020725 	 4824 	 4.3756 	 1 	 18 	 120231023 	 10806.27 	 24804410568338.000000 	 15.641000 	 10800 	 C:\z_mine\research\MEMO muppets\z_research\mup_active\114d06_res_00.txt 	  213 	 362 	 409 	 453 	 369 	 259 	 195 	 124 	 47 	 34 	 13 	 7 	 6 	 4 	 2 	 0 	 1 	 2 	 0 	 0 	 
0.00009621 	 10392 	 4.4684 	 1 	 13 	 119748215 	 10804.19 	 24797714997521.000000 	 15.359000 	 10800 	 C:\z_mine\research\MEMO muppets\z_research\mup_active\114d07_res_00.txt 	  200 	 330 	 386 	 479 	 356 	 292 	 201 	 125 	 61 	 41 	 14 	 10 	 5 	 0 	 0 	 0 	 0 	 0 	 0 	 0 	 
1.00000000 	 0 	 4.8724 	 1 	 15 	 4055419 	 356.69 	 814511721889.000000 	 4.328000 	 10800 	 C:\z_mine\research\MEMO muppets\z_research\mup_active\114d08_res_00.txt 	  152 	 229 	 295 	 450 	 460 	 357 	 279 	 146 	 65 	 27 	 26 	 5 	 5 	 3 	 1 	 0 	 0 	 0 	 0 	 0 	 
0.00007458 	 13407 	 4.7728 	 1 	 18 	 96307784 	 10804.94 	 24800405399871.000000 	 14.281000 	 10800 	 C:\z_mine\research\MEMO muppets\z_research\mup_active\114d09_res_00.txt 	  214 	 334 	 337 	 417 	 352 	 257 	 217 	 142 	 91 	 46 	 45 	 18 	 12 	 11 	 2 	 2 	 2 	 1 	 0 	 0 	 
1.00000000 	 0 	 4.2588 	 1 	 11 	 144738 	 50.61 	 114342238188.000000 	 2.546000 	 10800 	 C:\z_mine\research\MEMO muppets\z_research\mup_active\128b00_res_00.txt 	  178 	 277 	 364 	 573 	 514 	 318 	 181 	 73 	 19 	 2 	 1 	 0 	 0 	 0 	 0 	 0 	 0 	 0 	 0 	 0 	 
1.00000000 	 0 	 4.3564 	 1 	 13 	 144861 	 50.84 	 114906448805.000000 	 2.407000 	 10800 	 C:\z_mine\research\MEMO muppets\z_research\mup_active\128b01_res_00.txt 	  142 	 273 	 366 	 575 	 513 	 337 	 192 	 68 	 19 	 8 	 6 	 0 	 1 	 0 	 0 	 0 	 0 	 0 	 0 	 0 	 
1.00000000 	 0 	 4.2440 	 1 	 12 	 554339 	 93.64 	 212556386614.000000 	 3.781000 	 10800 	 C:\z_mine\research\MEMO muppets\z_research\mup_active\128b02_res_00.txt 	  172 	 337 	 335 	 585 	 474 	 299 	 185 	 79 	 18 	 11 	 4 	 1 	 0 	 0 	 0 	 0 	 0 	 0 	 0 	 0 	 
1.00000000 	 0 	 4.2592 	 1 	 11 	 235609 	 66.48 	 150568540599.000000 	 2.984000 	 10800 	 C:\z_mine\research\MEMO muppets\z_research\mup_active\128b03_res_00.txt 	  145 	 312 	 371 	 574 	 504 	 323 	 185 	 64 	 16 	 5 	 1 	 0 	 0 	 0 	 0 	 0 	 0 	 0 	 0 	 0 	 
1.00000000 	 0 	 4.1904 	 1 	 12 	 1758519 	 203.78 	 465280987322.000000 	 5.235000 	 10800 	 C:\z_mine\research\MEMO muppets\z_research\mup_active\128b04_res_00.txt 	  189 	 346 	 387 	 551 	 440 	 293 	 156 	 95 	 20 	 16 	 4 	 3 	 0 	 0 	 0 	 0 	 0 	 0 	 0 	 0 	 
1.00000000 	 0 	 4.1380 	 1 	 12 	 9085911 	 804.48 	 1841753280028.000000 	 6.094000 	 10800 	 C:\z_mine\research\MEMO muppets\z_research\mup_active\128b05_res_00.txt 	  200 	 389 	 379 	 533 	 416 	 266 	 196 	 66 	 35 	 14 	 5 	 1 	 0 	 0 	 0 	 0 	 0 	 0 	 0 	 0 	 
1.00000000 	 0 	 4.1916 	 1 	 12 	 2521308 	 266.46 	 609342300041.000000 	 5.360000 	 10800 	 C:\z_mine\research\MEMO muppets\z_research\mup_active\128b06_res_00.txt 	  197 	 344 	 378 	 548 	 425 	 300 	 178 	 92 	 25 	 9 	 2 	 2 	 0 	 0 	 0 	 0 	 0 	 0 	 0 	 0 	 
0.00155039 	 644 	 4.1360 	 1 	 24 	 87966724 	 10806.44 	 24807008770856.000000 	 8.359000 	 10800 	 C:\z_mine\research\MEMO muppets\z_research\mup_active\128b07_res_00.txt 	  207 	 420 	 378 	 575 	 365 	 226 	 173 	 74 	 28 	 22 	 12 	 11 	 2 	 3 	 1 	 2 	 0 	 0 	 0 	 1 	 
0.00010107 	 9893 	 4.1664 	 1 	 16 	 89112601 	 10810.60 	 24817717241530.000000 	 12.546000 	 10800 	 C:\z_mine\research\MEMO muppets\z_research\mup_active\128b08_res_00.txt 	  213 	 351 	 398 	 540 	 405 	 293 	 155 	 85 	 28 	 16 	 11 	 3 	 0 	 1 	 0 	 1 	 0 	 0 	 0 	 0 	 
0.00013782 	 7255 	 4.1284 	 1 	 14 	 89707515 	 10814.54 	 24824747386728.000000 	 12.375000 	 10800 	 C:\z_mine\research\MEMO muppets\z_research\mup_active\128b09_res_00.txt 	  234 	 379 	 390 	 504 	 405 	 271 	 170 	 82 	 32 	 16 	 10 	 4 	 2 	 1 	 0 	 0 	 0 	 0 	 0 	 0 	 
0.00007609 	 13141 	 3.9336 	 1 	 12 	 99469021 	 10807.11 	 24808435148020.000000 	 20.281000 	 10800 	 C:\z_mine\research\MEMO muppets\z_research\mup_active\128d00_res_00.txt 	  254 	 452 	 440 	 457 	 364 	 237 	 161 	 84 	 36 	 6 	 5 	 4 	 0 	 0 	 0 	 0 	 0 	 0 	 0 	 0 	 
1.00000000 	 0 	 4.2080 	 1 	 13 	 28059037 	 2823.30 	 6477040475646.000000 	 8.828000 	 10800 	 C:\z_mine\research\MEMO muppets\z_research\mup_active\128d01_res_00.txt 	  217 	 381 	 380 	 516 	 368 	 282 	 179 	 99 	 43 	 18 	 12 	 4 	 1 	 0 	 0 	 0 	 0 	 0 	 0 	 0 	 
0.00017209 	 5810 	 3.8112 	 1 	 14 	 105855987 	 10805.59 	 24805427911607.000000 	 17.172000 	 10800 	 C:\z_mine\research\MEMO muppets\z_research\mup_active\128d02_res_00.txt 	  255 	 456 	 441 	 521 	 389 	 220 	 113 	 69 	 21 	 11 	 3 	 0 	 0 	 1 	 0 	 0 	 0 	 0 	 0 	 0 	 
0.00080548 	 1240 	 4.5728 	 1 	 21 	 69660740 	 10810.95 	 24816743528473.000000 	 16.000000 	 10800 	 C:\z_mine\research\MEMO muppets\z_research\mup_active\128d03_res_00.txt 	  236 	 364 	 346 	 417 	 354 	 260 	 209 	 126 	 68 	 49 	 35 	 17 	 9 	 4 	 4 	 1 	 0 	 0 	 0 	 1 	 
0.00031954 	 3129 	 4.1712 	 1 	 13 	 92606388 	 10804.09 	 24803403171783.000000 	 17.594000 	 10800 	 C:\z_mine\research\MEMO muppets\z_research\mup_active\128d04_res_00.txt 	  219 	 393 	 405 	 486 	 389 	 258 	 177 	 89 	 47 	 17 	 14 	 5 	 1 	 0 	 0 	 0 	 0 	 0 	 0 	 0 	 
0.00018813 	 5314 	 3.9948 	 1 	 16 	 94613850 	 10801.03 	 24796704912318.000000 	 17.344000 	 10800 	 C:\z_mine\research\MEMO muppets\z_research\mup_active\128d05_res_00.txt 	  263 	 407 	 451 	 491 	 313 	 251 	 170 	 96 	 31 	 19 	 5 	 2 	 0 	 0 	 0 	 1 	 0 	 0 	 0 	 0 	 
0.00129618 	 770 	 4.0612 	 1 	 13 	 103935609 	 10806.00 	 24809561793480.000000 	 14.797000 	 10800 	 C:\z_mine\research\MEMO muppets\z_research\mup_active\128d06_res_00.txt 	  238 	 429 	 378 	 522 	 379 	 238 	 162 	 71 	 46 	 20 	 10 	 5 	 2 	 0 	 0 	 0 	 0 	 0 	 0 	 0 	 
0.00018624 	 5368 	 4.1532 	 1 	 13 	 97978742 	 10800.98 	 24796382578702.000000 	 15.422000 	 10800 	 C:\z_mine\research\MEMO muppets\z_research\mup_active\128d07_res_00.txt 	  233 	 404 	 395 	 496 	 358 	 264 	 161 	 98 	 46 	 31 	 7 	 4 	 3 	 0 	 0 	 0 	 0 	 0 	 0 	 0 	 
0.00059207 	 1688 	 4.2124 	 1 	 17 	 85032472 	 10800.51 	 24795261414071.000000 	 12.375000 	 10800 	 C:\z_mine\research\MEMO muppets\z_research\mup_active\128d08_res_00.txt 	  252 	 374 	 410 	 436 	 424 	 254 	 156 	 90 	 37 	 23 	 16 	 17 	 5 	 1 	 3 	 0 	 2 	 0 	 0 	 0 	 
0.00007658 	 13058 	 4.0972 	 1 	 14 	 91680337 	 10801.01 	 24800348553603.000000 	 15.047000 	 10800 	 C:\z_mine\research\MEMO muppets\z_research\mup_active\128d09_res_00.txt 	  240 	 376 	 423 	 468 	 395 	 285 	 177 	 82 	 27 	 15 	 9 	 2 	 0 	 1 	 0 	 0 	 0 	 0 	 0 	 0 	 
1.00000000 	 0 	 4.3296 	 1 	 12 	 86459 	 27.40 	 62888781458.000000 	 1.203000 	 10800 	 C:\z_mine\research\MEMO muppets\z_research\mup_active\144b00_res_00.txt 	  90 	 189 	 344 	 862 	 510 	 296 	 148 	 41 	 16 	 3 	 0 	 1 	 0 	 0 	 0 	 0 	 0 	 0 	 0 	 0 	 
1.00000000 	 0 	 4.3252 	 1 	 10 	 70061 	 24.08 	 55272018711.000000 	 1.047000 	 10800 	 C:\z_mine\research\MEMO muppets\z_research\mup_active\144b01_res_00.txt 	  79 	 167 	 348 	 931 	 473 	 306 	 150 	 36 	 7 	 3 	 0 	 0 	 0 	 0 	 0 	 0 	 0 	 0 	 0 	 0 	 
1.00000000 	 0 	 4.3252 	 1 	 11 	 72437 	 23.62 	 54222701296.000000 	 1.203000 	 10800 	 C:\z_mine\research\MEMO muppets\z_research\mup_active\144b02_res_00.txt 	  100 	 164 	 353 	 889 	 483 	 304 	 151 	 37 	 13 	 5 	 1 	 0 	 0 	 0 	 0 	 0 	 0 	 0 	 0 	 0 	 
0.00053447 	 1870 	 4.3724 	 1 	 14 	 47245912 	 10819.55 	 24843315211985.000000 	 3.828000 	 10800 	 C:\z_mine\research\MEMO muppets\z_research\mup_active\144b03_res_00.txt 	  113 	 214 	 374 	 752 	 459 	 342 	 152 	 46 	 27 	 10 	 3 	 2 	 3 	 3 	 0 	 0 	 0 	 0 	 0 	 0 	 
0.01315789 	 75 	 4.3700 	 1 	 17 	 41247558 	 10827.87 	 24859623207285.000000 	 3.985000 	 10800 	 C:\z_mine\research\MEMO muppets\z_research\mup_active\144b04_res_00.txt 	  139 	 208 	 344 	 822 	 429 	 284 	 164 	 51 	 19 	 14 	 7 	 6 	 4 	 5 	 2 	 1 	 1 	 0 	 0 	 0 	 
0.00015014 	 6660 	 4.3300 	 1 	 15 	 44522181 	 10806.47 	 24812525308537.000000 	 4.422000 	 10800 	 C:\z_mine\research\MEMO muppets\z_research\mup_active\144b05_res_00.txt 	  119 	 243 	 336 	 772 	 454 	 329 	 155 	 63 	 16 	 4 	 5 	 2 	 1 	 0 	 1 	 0 	 0 	 0 	 0 	 0 	 
1.00000000 	 0 	 4.2144 	 1 	 9 	 103777 	 31.20 	 71613315904.000000 	 1.485000 	 10800 	 C:\z_mine\research\MEMO muppets\z_research\mup_active\144b06_res_00.txt 	  104 	 190 	 384 	 874 	 495 	 283 	 135 	 29 	 6 	 0 	 0 	 0 	 0 	 0 	 0 	 0 	 0 	 0 	 0 	 0 	 
0.00024231 	 4126 	 4.3512 	 1 	 15 	 46709290 	 10848.55 	 24908563345231.000000 	 4.828000 	 10800 	 C:\z_mine\research\MEMO muppets\z_research\mup_active\144b07_res_00.txt 	  136 	 264 	 331 	 738 	 475 	 272 	 159 	 54 	 36 	 14 	 9 	 5 	 5 	 1 	 1 	 0 	 0 	 0 	 0 	 0 	 
0.00006009 	 16640 	 4.3404 	 1 	 18 	 50983681 	 10821.79 	 24847968659785.000000 	 6.547000 	 10800 	 C:\z_mine\research\MEMO muppets\z_research\mup_active\144b08_res_00.txt 	  164 	 280 	 355 	 661 	 467 	 275 	 149 	 67 	 37 	 20 	 7 	 7 	 3 	 3 	 3 	 1 	 0 	 1 	 0 	 0 	 
0.00023422 	 4268 	 4.4008 	 1 	 17 	 47818598 	 10806.72 	 24812282444776.000000 	 5.844000 	 10800 	 C:\z_mine\research\MEMO muppets\z_research\mup_active\144b09_res_00.txt 	  151 	 299 	 336 	 694 	 415 	 296 	 140 	 65 	 35 	 29 	 13 	 8 	 7 	 4 	 4 	 1 	 3 	 0 	 0 	 0 	 
0.00006932 	 14424 	 4.2320 	 1 	 16 	 68238377 	 10811.49 	 24822357419798.000000 	 15.250000 	 10800 	 C:\z_mine\research\MEMO muppets\z_research\mup_active\144d00_res_00.txt 	  255 	 392 	 350 	 506 	 357 	 254 	 167 	 100 	 59 	 30 	 19 	 3 	 2 	 4 	 1 	 1 	 0 	 0 	 0 	 0 	 
0.00136147 	 734 	 4.2824 	 1 	 15 	 64536247 	 10883.80 	 24986739752763.000000 	 7.391000 	 10800 	 C:\z_mine\research\MEMO muppets\z_research\mup_active\144d01_res_00.txt 	  195 	 292 	 361 	 604 	 441 	 307 	 164 	 69 	 32 	 16 	 5 	 8 	 3 	 2 	 1 	 0 	 0 	 0 	 0 	 0 	 
0.00160385 	 622 	 4.0212 	 1 	 14 	 74334420 	 10812.93 	 24825668455764.000000 	 13.547000 	 10800 	 C:\z_mine\research\MEMO muppets\z_research\mup_active\144d02_res_00.txt 	  273 	 400 	 372 	 559 	 342 	 247 	 156 	 81 	 37 	 16 	 6 	 7 	 3 	 1 	 0 	 0 	 0 	 0 	 0 	 0 	 
1.00000000 	 0 	 4.2396 	 1 	 11 	 674045 	 112.10 	 255767544122.000000 	 4.032000 	 10800 	 C:\z_mine\research\MEMO muppets\z_research\mup_active\144d03_res_00.txt 	  157 	 263 	 360 	 711 	 435 	 317 	 173 	 61 	 15 	 7 	 1 	 0 	 0 	 0 	 0 	 0 	 0 	 0 	 0 	 0 	 
0.00015363 	 6508 	 4.3796 	 1 	 15 	 68327781 	 10803.78 	 24805123182764.000000 	 14.500000 	 10800 	 C:\z_mine\research\MEMO muppets\z_research\mup_active\144d04_res_00.txt 	  235 	 372 	 344 	 445 	 371 	 280 	 229 	 105 	 62 	 29 	 13 	 9 	 4 	 1 	 1 	 0 	 0 	 0 	 0 	 0 	 
0.00040975 	 2440 	 4.2284 	 1 	 14 	 67319454 	 10810.57 	 24820900312062.000000 	 10.203000 	 10800 	 C:\z_mine\research\MEMO muppets\z_research\mup_active\144d05_res_00.txt 	  238 	 391 	 354 	 541 	 348 	 260 	 155 	 80 	 73 	 27 	 26 	 5 	 1 	 1 	 0 	 0 	 0 	 0 	 0 	 0 	 
0.00010081 	 9919 	 4.3644 	 1 	 16 	 61212533 	 10817.21 	 24837181921971.000000 	 11.922000 	 10800 	 C:\z_mine\research\MEMO muppets\z_research\mup_active\144d06_res_00.txt 	  206 	 346 	 347 	 490 	 426 	 282 	 203 	 98 	 58 	 30 	 9 	 4 	 0 	 0 	 0 	 1 	 0 	 0 	 0 	 0 	 
0.00010872 	 9197 	 4.3364 	 1 	 16 	 57504274 	 10814.37 	 24830065234383.000000 	 11.312000 	 10800 	 C:\z_mine\research\MEMO muppets\z_research\mup_active\144d07_res_00.txt 	  246 	 357 	 327 	 519 	 373 	 283 	 193 	 93 	 37 	 25 	 20 	 6 	 11 	 4 	 4 	 2 	 0 	 0 	 0 	 0 	 
1.00000000 	 0 	 4.2984 	 1 	 15 	 31189706 	 4742.69 	 10889205466534.000000 	 7.890000 	 10800 	 C:\z_mine\research\MEMO muppets\z_research\mup_active\144d08_res_00.txt 	  223 	 327 	 328 	 574 	 397 	 284 	 200 	 88 	 36 	 24 	 9 	 4 	 1 	 3 	 2 	 0 	 0 	 0 	 0 	 0 	 
0.00009832 	 10170 	 4.7032 	 1 	 17 	 50889269 	 10819.99 	 24843235281534.000000 	 9.375000 	 10800 	 C:\z_mine\research\MEMO muppets\z_research\mup_active\144d09_res_00.txt 	  177 	 289 	 292 	 516 	 382 	 338 	 230 	 123 	 79 	 35 	 15 	 16 	 2 	 5 	 0 	 0 	 1 	 0 	 0 	 0 	 
1.00000000 	 0 	 4.2576 	 1 	 11 	 74307 	 21.69 	 49403658097.000000 	 1.047000 	 10800 	 C:\z_mine\research\MEMO muppets\z_research\mup_active\162b00_res_00.txt 	  56 	 152 	 378 	 1045 	 441 	 270 	 129 	 22 	 5 	 1 	 1 	 0 	 0 	 0 	 0 	 0 	 0 	 0 	 0 	 0 	 
1.00000000 	 0 	 4.2240 	 1 	 9 	 49642 	 15.75 	 35933496845.000000 	 0.594000 	 10800 	 C:\z_mine\research\MEMO muppets\z_research\mup_active\162b01_res_00.txt 	  68 	 127 	 371 	 1104 	 451 	 234 	 115 	 25 	 5 	 0 	 0 	 0 	 0 	 0 	 0 	 0 	 0 	 0 	 0 	 0 	 
1.00000000 	 0 	 4.2416 	 1 	 10 	 132723 	 32.16 	 73343214393.000000 	 1.203000 	 10800 	 C:\z_mine\research\MEMO muppets\z_research\mup_active\162b02_res_00.txt 	  83 	 157 	 389 	 987 	 446 	 259 	 138 	 29 	 10 	 2 	 0 	 0 	 0 	 0 	 0 	 0 	 0 	 0 	 0 	 0 	 
1.00000000 	 0 	 4.2100 	 1 	 9 	 273538 	 40.61 	 92778820732.000000 	 1.422000 	 10800 	 C:\z_mine\research\MEMO muppets\z_research\mup_active\162b03_res_00.txt 	  90 	 169 	 355 	 1016 	 452 	 258 	 125 	 30 	 5 	 0 	 0 	 0 	 0 	 0 	 0 	 0 	 0 	 0 	 0 	 0 	 
0.00058893 	 1697 	 4.3508 	 1 	 16 	 38083710 	 10801.26 	 24802142820633.000000 	 4.750000 	 10800 	 C:\z_mine\research\MEMO muppets\z_research\mup_active\162b04_res_00.txt 	  120 	 225 	 322 	 830 	 449 	 313 	 144 	 46 	 22 	 15 	 4 	 5 	 2 	 2 	 0 	 1 	 0 	 0 	 0 	 0 	 
0.00008872 	 11270 	 4.3160 	 1 	 16 	 41211601 	 10845.09 	 24901592308697.000000 	 5.047000 	 10800 	 C:\z_mine\research\MEMO muppets\z_research\mup_active\162b05_res_00.txt 	  143 	 250 	 346 	 782 	 400 	 324 	 147 	 54 	 17 	 17 	 9 	 2 	 2 	 3 	 2 	 2 	 0 	 0 	 0 	 0 	 
0.00015392 	 6496 	 4.2184 	 1 	 14 	 39647144 	 10810.98 	 24824513548400.000000 	 5.328000 	 10800 	 C:\z_mine\research\MEMO muppets\z_research\mup_active\162b06_res_00.txt 	  132 	 239 	 361 	 846 	 427 	 296 	 130 	 29 	 15 	 10 	 5 	 5 	 4 	 1 	 0 	 0 	 0 	 0 	 0 	 0 	 
0.00067912 	 1472 	 4.2624 	 1 	 14 	 39583014 	 10801.47 	 24800738281650.000000 	 4.547000 	 10800 	 C:\z_mine\research\MEMO muppets\z_research\mup_active\162b07_res_00.txt 	  132 	 223 	 364 	 840 	 435 	 278 	 143 	 36 	 23 	 12 	 8 	 2 	 1 	 3 	 0 	 0 	 0 	 0 	 0 	 0 	 
0.00041305 	 2420 	 4.3808 	 1 	 15 	 41131251 	 10804.30 	 24809493198727.000000 	 4.891000 	 10800 	 C:\z_mine\research\MEMO muppets\z_research\mup_active\162b08_res_00.txt 	  140 	 228 	 313 	 841 	 418 	 281 	 152 	 47 	 27 	 18 	 21 	 4 	 6 	 3 	 1 	 0 	 0 	 0 	 0 	 0 	 
0.00045025 	 2220 	 4.5512 	 1 	 20 	 37902108 	 10800.61 	 24799642530022.000000 	 5.516000 	 10800 	 C:\z_mine\research\MEMO muppets\z_research\mup_active\162b09_res_00.txt 	  141 	 253 	 328 	 770 	 383 	 258 	 156 	 64 	 41 	 37 	 21 	 21 	 14 	 7 	 3 	 1 	 1 	 0 	 0 	 1 	 
0.00305810 	 326 	 4.3992 	 1 	 15 	 43872814 	 10815.93 	 24834416171436.000000 	 5.375000 	 10800 	 C:\z_mine\research\MEMO muppets\z_research\mup_active\162d00_res_00.txt 	  154 	 302 	 298 	 703 	 430 	 290 	 167 	 64 	 31 	 26 	 12 	 14 	 4 	 3 	 2 	 0 	 0 	 0 	 0 	 0 	 
0.01754386 	 56 	 4.2584 	 1 	 12 	 41125646 	 10986.21 	 25227648147034.000000 	 3.796000 	 10800 	 C:\z_mine\research\MEMO muppets\z_research\mup_active\162d01_res_00.txt 	  136 	 242 	 354 	 822 	 404 	 290 	 163 	 46 	 27 	 13 	 2 	 1 	 0 	 0 	 0 	 0 	 0 	 0 	 0 	 0 	 
0.00800000 	 124 	 4.3380 	 1 	 14 	 40983781 	 10927.15 	 25090926054291.000000 	 7.391000 	 10800 	 C:\z_mine\research\MEMO muppets\z_research\mup_active\162d02_res_00.txt 	  202 	 307 	 309 	 635 	 384 	 304 	 189 	 93 	 46 	 14 	 10 	 5 	 1 	 1 	 0 	 0 	 0 	 0 	 0 	 0 	 
0.04545455 	 21 	 4.1400 	 1 	 16 	 53077170 	 10810.33 	 24823919660567.000000 	 11.234000 	 10800 	 C:\z_mine\research\MEMO muppets\z_research\mup_active\162d03_res_00.txt 	  263 	 391 	 320 	 579 	 352 	 270 	 149 	 80 	 47 	 24 	 11 	 8 	 1 	 3 	 1 	 1 	 0 	 0 	 0 	 0 	 
0.00098863 	 1011 	 3.8784 	 1 	 13 	 66692176 	 10805.69 	 24810916402217.000000 	 14.203000 	 10800 	 C:\z_mine\research\MEMO muppets\z_research\mup_active\162d04_res_00.txt 	  271 	 405 	 386 	 593 	 357 	 272 	 135 	 41 	 20 	 13 	 1 	 4 	 2 	 0 	 0 	 0 	 0 	 0 	 0 	 0 	 
0.00009705 	 10303 	 4.2908 	 1 	 15 	 50093023 	 10807.80 	 24816074280949.000000 	 12.938000 	 10800 	 C:\z_mine\research\MEMO muppets\z_research\mup_active\162d05_res_00.txt 	  255 	 371 	 303 	 538 	 375 	 284 	 179 	 73 	 55 	 21 	 20 	 17 	 4 	 3 	 2 	 0 	 0 	 0 	 0 	 0 	 
0.00005806 	 17222 	 3.9196 	 1 	 13 	 63022073 	 10809.81 	 24822729124544.000000 	 14.828000 	 10800 	 C:\z_mine\research\MEMO muppets\z_research\mup_active\162d06_res_00.txt 	  274 	 420 	 378 	 564 	 365 	 236 	 135 	 71 	 39 	 10 	 7 	 0 	 1 	 0 	 0 	 0 	 0 	 0 	 0 	 0 	 
0.00019357 	 5165 	 3.7676 	 1 	 11 	 67949275 	 10820.47 	 24845767484173.000000 	 13.484000 	 10800 	 C:\z_mine\research\MEMO muppets\z_research\mup_active\162d07_res_00.txt 	  281 	 475 	 405 	 507 	 374 	 234 	 146 	 58 	 16 	 3 	 1 	 0 	 0 	 0 	 0 	 0 	 0 	 0 	 0 	 0 	 
0.00016152 	 6190 	 3.9928 	 1 	 17 	 58398748 	 10830.42 	 24869081805186.000000 	 12.469000 	 10800 	 C:\z_mine\research\MEMO muppets\z_research\mup_active\162d08_res_00.txt 	  275 	 420 	 335 	 552 	 394 	 256 	 138 	 63 	 34 	 15 	 8 	 4 	 2 	 2 	 1 	 0 	 1 	 0 	 0 	 0 	 
0.00027643 	 3616 	 3.8616 	 1 	 17 	 68068187 	 10803.61 	 24806182300609.000000 	 17.063000 	 10800 	 C:\z_mine\research\MEMO muppets\z_research\mup_active\162d09_res_00.txt 	  294 	 437 	 379 	 558 	 355 	 238 	 122 	 58 	 31 	 14 	 4 	 5 	 2 	 1 	 0 	 1 	 1 	 0 	 0 	 0 	 
0.00028563 	 3500 	 4.8738 	 1 	 18 	 110261383 	 10835.69 	 24882266220437.000000 	 2.672000 	 10800 	 C:\z_mine\research\MEMO muppets\z_research\mup_active\104050_res_00.txt 	  74 	 120 	 144 	 227 	 221 	 200 	 135 	 87 	 29 	 5 	 5 	 4 	 5 	 2 	 0 	 1 	 0 	 1 	 0 	 0 	 
0.00021839 	 4578 	 4.8222 	 1 	 16 	 119487710 	 10864.14 	 24947377165639.000000 	 3.281000 	 10800 	 C:\z_mine\research\MEMO muppets\z_research\mup_active\104051_res_00.txt 	  78 	 133 	 152 	 225 	 224 	 182 	 124 	 72 	 35 	 13 	 8 	 4 	 4 	 4 	 1 	 1 	 0 	 0 	 0 	 0 	 
0.00017346 	 5764 	 4.7373 	 1 	 18 	 120006677 	 10807.26 	 24817248269029.000000 	 3.563000 	 10800 	 C:\z_mine\research\MEMO muppets\z_research\mup_active\104052_res_00.txt 	  82 	 129 	 166 	 230 	 211 	 188 	 123 	 69 	 41 	 7 	 6 	 4 	 1 	 0 	 1 	 1 	 0 	 1 	 0 	 0 	 
0.00014071 	 7106 	 4.6579 	 1 	 14 	 139979636 	 10836.75 	 24884572373638.000000 	 3.079000 	 10800 	 C:\z_mine\research\MEMO muppets\z_research\mup_active\104053_res_00.txt 	  87 	 138 	 173 	 223 	 211 	 168 	 140 	 71 	 28 	 11 	 4 	 2 	 2 	 2 	 0 	 0 	 0 	 0 	 0 	 0 	 
0.00012006 	 8328 	 4.6000 	 1 	 16 	 146142652 	 10811.93 	 24828475119977.000000 	 5.110000 	 10800 	 C:\z_mine\research\MEMO muppets\z_research\mup_active\104054_res_00.txt 	  93 	 163 	 177 	 225 	 206 	 164 	 98 	 57 	 36 	 20 	 7 	 6 	 2 	 2 	 1 	 3 	 0 	 0 	 0 	 0 	 
0.00009491 	 10535 	 4.5683 	 1 	 18 	 155099548 	 10823.45 	 24852975348275.000000 	 5.750000 	 10800 	 C:\z_mine\research\MEMO muppets\z_research\mup_active\104055_res_00.txt 	  97 	 162 	 192 	 247 	 173 	 146 	 111 	 64 	 26 	 9 	 10 	 8 	 8 	 2 	 3 	 1 	 0 	 1 	 0 	 0 	 
0.00007649 	 13072 	 4.5063 	 1 	 16 	 158889180 	 10850.95 	 24918332080238.000000 	 5.156000 	 10800 	 C:\z_mine\research\MEMO muppets\z_research\mup_active\104056_res_00.txt 	  95 	 168 	 183 	 238 	 202 	 157 	 94 	 57 	 31 	 13 	 8 	 8 	 2 	 1 	 1 	 2 	 0 	 0 	 0 	 0 	 
0.00006147 	 16266 	 4.4127 	 1 	 13 	 171574565 	 10804.34 	 24809383775990.000000 	 5.860000 	 10800 	 C:\z_mine\research\MEMO muppets\z_research\mup_active\104057_res_00.txt 	  98 	 165 	 186 	 245 	 198 	 155 	 98 	 73 	 24 	 13 	 3 	 1 	 1 	 0 	 0 	 0 	 0 	 0 	 0 	 0 	 
0.00005097 	 19620 	 4.3897 	 1 	 18 	 175244206 	 10809.63 	 24823234339045.000000 	 5.657000 	 10800 	 C:\z_mine\research\MEMO muppets\z_research\mup_active\104058_res_00.txt 	  98 	 164 	 200 	 242 	 203 	 137 	 100 	 75 	 24 	 13 	 1 	 1 	 1 	 0 	 0 	 0 	 0 	 1 	 0 	 0 	 
0.00004408 	 22684 	 4.3095 	 1 	 15 	 181793654 	 10819.20 	 24844483107698.000000 	 8.734000 	 10800 	 C:\z_mine\research\MEMO muppets\z_research\mup_active\104059_res_00.txt 	  104 	 170 	 204 	 251 	 194 	 132 	 109 	 56 	 24 	 6 	 4 	 3 	 2 	 0 	 1 	 0 	 0 	 0 	 0 	 0 	 
1.00000000 	 0 	 4.8079 	 1 	 11 	 22747 	 5.46 	 12495467568.000000 	 0.454000 	 10800 	 C:\z_mine\research\MEMO muppets\z_research\mup_active\114052_res_00.txt 	  35 	 84 	 137 	 278 	 324 	 191 	 139 	 60 	 8 	 3 	 1 	 0 	 0 	 0 	 0 	 0 	 0 	 0 	 0 	 0 	 
1.00000000 	 0 	 4.8278 	 1 	 11 	 30177 	 10.03 	 22997556568.000000 	 0.688000 	 10800 	 C:\z_mine\research\MEMO muppets\z_research\mup_active\114053_res_00.txt 	  35 	 82 	 145 	 254 	 337 	 199 	 135 	 57 	 8 	 7 	 1 	 0 	 0 	 0 	 0 	 0 	 0 	 0 	 0 	 0 	 
1.00000000 	 0 	 4.7484 	 1 	 12 	 48735 	 9.04 	 20731173016.000000 	 0.688000 	 10800 	 C:\z_mine\research\MEMO muppets\z_research\mup_active\114054_res_00.txt 	  54 	 103 	 138 	 233 	 331 	 195 	 126 	 63 	 8 	 7 	 0 	 2 	 0 	 0 	 0 	 0 	 0 	 0 	 0 	 0 	 
1.00000000 	 0 	 4.7151 	 1 	 13 	 276773 	 35.13 	 80615391480.000000 	 1.266000 	 10800 	 C:\z_mine\research\MEMO muppets\z_research\mup_active\114055_res_00.txt 	  62 	 106 	 144 	 236 	 311 	 190 	 132 	 58 	 10 	 5 	 5 	 0 	 1 	 0 	 0 	 0 	 0 	 0 	 0 	 0 	 
0.00045269 	 2208 	 4.6421 	 1 	 15 	 93778986 	 10898.81 	 25028464578978.000000 	 2.281000 	 10800 	 C:\z_mine\research\MEMO muppets\z_research\mup_active\114056_res_00.txt 	  67 	 122 	 170 	 231 	 278 	 176 	 119 	 70 	 18 	 3 	 3 	 1 	 1 	 0 	 1 	 0 	 0 	 0 	 0 	 0 	 
0.00023872 	 4188 	 4.5643 	 1 	 13 	 107419060 	 10830.59 	 24871316768776.000000 	 2.812000 	 10800 	 C:\z_mine\research\MEMO muppets\z_research\mup_active\114057_res_00.txt 	  77 	 120 	 153 	 256 	 271 	 184 	 129 	 55 	 8 	 3 	 2 	 1 	 1 	 0 	 0 	 0 	 0 	 0 	 0 	 0 	 
0.00011697 	 8548 	 4.5206 	 1 	 12 	 106596540 	 10820.87 	 24848680282120.000000 	 1.938000 	 10800 	 C:\z_mine\research\MEMO muppets\z_research\mup_active\114058_res_00.txt 	  80 	 132 	 170 	 241 	 262 	 175 	 120 	 58 	 11 	 7 	 3 	 1 	 0 	 0 	 0 	 0 	 0 	 0 	 0 	 0 	 
0.00008690 	 11506 	 4.6000 	 1 	 12 	 110263062 	 10844.74 	 24900122314155.000000 	 2.422000 	 10800 	 C:\z_mine\research\MEMO muppets\z_research\mup_active\114059_res_00.txt 	  80 	 121 	 148 	 254 	 268 	 181 	 122 	 60 	 13 	 7 	 5 	 1 	 0 	 0 	 0 	 0 	 0 	 0 	 0 	 0 	 
0.00006887 	 14520 	 4.5690 	 1 	 15 	 111179564 	 10840.49 	 24893001667763.000000 	 3.484000 	 10800 	 C:\z_mine\research\MEMO muppets\z_research\mup_active\114060_res_00.txt 	  84 	 133 	 163 	 240 	 246 	 175 	 123 	 71 	 13 	 6 	 3 	 2 	 0 	 0 	 1 	 0 	 0 	 0 	 0 	 0 	 
0.00005182 	 19298 	 4.5675 	 1 	 12 	 111429873 	 10840.47 	 24891780162537.000000 	 3.172000 	 10800 	 C:\z_mine\research\MEMO muppets\z_research\mup_active\114061_res_00.txt 	  82 	 138 	 166 	 223 	 256 	 172 	 124 	 76 	 16 	 4 	 1 	 2 	 0 	 0 	 0 	 0 	 0 	 0 	 0 	 0 	 
1.00000000 	 0 	 4.1619 	 1 	 11 	 164771 	 21.38 	 49082984318.000000 	 1.469000 	 10800 	 C:\z_mine\research\MEMO muppets\z_research\mup_active\128078_res_00.txt 	  83 	 151 	 194 	 300 	 273 	 148 	 76 	 26 	 7 	 1 	 1 	 0 	 0 	 0 	 0 	 0 	 0 	 0 	 0 	 0 	 
1.00000000 	 0 	 4.1524 	 1 	 11 	 192775 	 38.18 	 87661780667.000000 	 2.453000 	 10800 	 C:\z_mine\research\MEMO muppets\z_research\mup_active\128079_res_00.txt 	  95 	 160 	 191 	 285 	 256 	 142 	 89 	 33 	 6 	 2 	 1 	 0 	 0 	 0 	 0 	 0 	 0 	 0 	 0 	 0 	 
1.00000000 	 0 	 4.1333 	 1 	 13 	 12830916 	 796.18 	 1828482771258.000000 	 2.563000 	 10800 	 C:\z_mine\research\MEMO muppets\z_research\mup_active\128080_res_00.txt 	  93 	 164 	 190 	 309 	 235 	 146 	 80 	 32 	 2 	 6 	 1 	 1 	 1 	 0 	 0 	 0 	 0 	 0 	 0 	 0 	 
1.00000000 	 0 	 4.0540 	 1 	 10 	 1023505 	 107.20 	 246189537819.000000 	 2.593000 	 10800 	 C:\z_mine\research\MEMO muppets\z_research\mup_active\128081_res_00.txt 	  104 	 173 	 198 	 282 	 244 	 144 	 76 	 32 	 6 	 1 	 0 	 0 	 0 	 0 	 0 	 0 	 0 	 0 	 0 	 0 	 
1.00000000 	 0 	 4.0619 	 1 	 12 	 27495988 	 1750.04 	 4018985363022.000000 	 3.203000 	 10800 	 C:\z_mine\research\MEMO muppets\z_research\mup_active\128082_res_00.txt 	  103 	 184 	 220 	 290 	 194 	 133 	 76 	 34 	 13 	 7 	 4 	 2 	 0 	 0 	 0 	 0 	 0 	 0 	 0 	 0 	 
0.00029780 	 3357 	 4.0754 	 1 	 14 	 113504871 	 10800.25 	 24798689437155.000000 	 5.219000 	 10800 	 C:\z_mine\research\MEMO muppets\z_research\mup_active\128083_res_00.txt 	  116 	 190 	 203 	 270 	 212 	 127 	 75 	 37 	 11 	 8 	 7 	 2 	 1 	 1 	 0 	 0 	 0 	 0 	 0 	 0 	 
0.00012663 	 7896 	 4.0286 	 1 	 13 	 130616193 	 10839.95 	 24890843899126.000000 	 5.578000 	 10800 	 C:\z_mine\research\MEMO muppets\z_research\mup_active\128084_res_00.txt 	  110 	 199 	 203 	 271 	 213 	 124 	 89 	 33 	 8 	 5 	 4 	 0 	 1 	 0 	 0 	 0 	 0 	 0 	 0 	 0 	 
0.00008392 	 11915 	 4.0302 	 1 	 12 	 123844749 	 10804.01 	 24806939221062.000000 	 7.313000 	 10800 	 C:\z_mine\research\MEMO muppets\z_research\mup_active\128085_res_00.txt 	  117 	 210 	 195 	 263 	 196 	 134 	 85 	 33 	 14 	 9 	 3 	 1 	 0 	 0 	 0 	 0 	 0 	 0 	 0 	 0 	 
0.00003850 	 25972 	 4.0111 	 1 	 12 	 123956493 	 10813.74 	 24830092355320.000000 	 7.921000 	 10800 	 C:\z_mine\research\MEMO muppets\z_research\mup_active\128086_res_00.txt 	  121 	 193 	 203 	 271 	 194 	 144 	 84 	 31 	 12 	 3 	 2 	 2 	 0 	 0 	 0 	 0 	 0 	 0 	 0 	 0 	 
0.00003465 	 28860 	 3.9897 	 1 	 10 	 123256315 	 10802.24 	 24801943736183.000000 	 6.625000 	 10800 	 C:\z_mine\research\MEMO muppets\z_research\mup_active\128087_res_00.txt 	  114 	 206 	 196 	 262 	 211 	 149 	 73 	 39 	 7 	 3 	 0 	 0 	 0 	 0 	 0 	 0 	 0 	 0 	 0 	 0 	 
1.00000000 	 0 	 4.1897 	 1 	 11 	 35668 	 6.26 	 14308569437.000000 	 0.485000 	 10800 	 C:\z_mine\research\MEMO muppets\z_research\mup_active\144079_res_00.txt 	  50 	 78 	 207 	 470 	 248 	 138 	 53 	 13 	 2 	 0 	 1 	 0 	 0 	 0 	 0 	 0 	 0 	 0 	 0 	 0 	 
1.00000000 	 0 	 4.2198 	 1 	 10 	 56250 	 9.66 	 22161620418.000000 	 0.735000 	 10800 	 C:\z_mine\research\MEMO muppets\z_research\mup_active\144080_res_00.txt 	  47 	 71 	 191 	 498 	 242 	 137 	 64 	 8 	 1 	 1 	 0 	 0 	 0 	 0 	 0 	 0 	 0 	 0 	 0 	 0 	 
1.00000000 	 0 	 4.2103 	 1 	 10 	 71597 	 9.71 	 22291397378.000000 	 0.671000 	 10800 	 C:\z_mine\research\MEMO muppets\z_research\mup_active\144081_res_00.txt 	  52 	 96 	 171 	 486 	 228 	 145 	 65 	 15 	 1 	 1 	 0 	 0 	 0 	 0 	 0 	 0 	 0 	 0 	 0 	 0 	 
1.00000000 	 0 	 4.3198 	 1 	 12 	 5426793 	 365.70 	 839531914003.000000 	 1.281000 	 10800 	 C:\z_mine\research\MEMO muppets\z_research\mup_active\144082_res_00.txt 	  53 	 109 	 188 	 407 	 234 	 153 	 75 	 23 	 5 	 6 	 6 	 1 	 0 	 0 	 0 	 0 	 0 	 0 	 0 	 0 	 
0.00038314 	 2609 	 4.2230 	 1 	 11 	 58872408 	 10801.98 	 24802895464116.000000 	 2.640000 	 10800 	 C:\z_mine\research\MEMO muppets\z_research\mup_active\144083_res_00.txt 	  59 	 111 	 185 	 431 	 224 	 148 	 77 	 16 	 5 	 3 	 1 	 0 	 0 	 0 	 0 	 0 	 0 	 0 	 0 	 0 	 
0.00018073 	 5532 	 4.1714 	 1 	 10 	 63060080 	 10855.50 	 24923141315614.000000 	 1.984000 	 10800 	 C:\z_mine\research\MEMO muppets\z_research\mup_active\144084_res_00.txt 	  67 	 116 	 197 	 407 	 239 	 132 	 76 	 18 	 5 	 3 	 0 	 0 	 0 	 0 	 0 	 0 	 0 	 0 	 0 	 0 	 
0.00010187 	 9815 	 4.1952 	 1 	 11 	 67676092 	 10876.88 	 24974220027151.000000 	 2.516000 	 10800 	 C:\z_mine\research\MEMO muppets\z_research\mup_active\144085_res_00.txt 	  69 	 125 	 182 	 409 	 229 	 143 	 68 	 23 	 3 	 4 	 5 	 0 	 0 	 0 	 0 	 0 	 0 	 0 	 0 	 0 	 
0.00007077 	 14130 	 4.3286 	 1 	 14 	 62558064 	 10811.33 	 24823236065027.000000 	 2.500000 	 10800 	 C:\z_mine\research\MEMO muppets\z_research\mup_active\144086_res_00.txt 	  72 	 152 	 174 	 348 	 214 	 145 	 88 	 31 	 16 	 11 	 4 	 4 	 0 	 1 	 0 	 0 	 0 	 0 	 0 	 0 	 
0.00005853 	 17085 	 4.2357 	 1 	 13 	 68104411 	 10871.95 	 24962651398631.000000 	 2.969000 	 10800 	 C:\z_mine\research\MEMO muppets\z_research\mup_active\144087_res_00.txt 	  71 	 130 	 186 	 380 	 242 	 130 	 75 	 27 	 7 	 5 	 2 	 3 	 2 	 0 	 0 	 0 	 0 	 0 	 0 	 0 	 
0.00003692 	 27088 	 4.3960 	 1 	 16 	 69934352 	 10818.25 	 24836947749067.000000 	 4.828000 	 10800 	 C:\z_mine\research\MEMO muppets\z_research\mup_active\144088_res_00.txt 	  99 	 167 	 165 	 318 	 190 	 133 	 86 	 40 	 18 	 14 	 12 	 4 	 12 	 0 	 1 	 1 	 0 	 0 	 0 	 0 	 
1.00000000 	 0 	 4.1119 	 1 	 8 	 209001 	 14.53 	 33357967390.000000 	 0.421000 	 10800 	 C:\z_mine\research\MEMO muppets\z_research\mup_active\162093_res_00.txt 	  46 	 85 	 181 	 566 	 200 	 126 	 46 	 10 	 0 	 0 	 0 	 0 	 0 	 0 	 0 	 0 	 0 	 0 	 0 	 0 	 
1.00000000 	 0 	 4.1595 	 1 	 9 	 103123 	 16.81 	 38600244839.000000 	 0.938000 	 10800 	 C:\z_mine\research\MEMO muppets\z_research\mup_active\162094_res_00.txt 	  40 	 78 	 208 	 530 	 212 	 124 	 50 	 15 	 3 	 0 	 0 	 0 	 0 	 0 	 0 	 0 	 0 	 0 	 0 	 0 	 
1.00000000 	 0 	 4.1206 	 1 	 8 	 109193 	 10.64 	 24413893976.000000 	 0.656000 	 10800 	 C:\z_mine\research\MEMO muppets\z_research\mup_active\162095_res_00.txt 	  48 	 92 	 173 	 548 	 211 	 131 	 48 	 9 	 0 	 0 	 0 	 0 	 0 	 0 	 0 	 0 	 0 	 0 	 0 	 0 	 
1.00000000 	 0 	 4.1825 	 1 	 16 	 3177090 	 213.46 	 490060515613.000000 	 0.719000 	 10800 	 C:\z_mine\research\MEMO muppets\z_research\mup_active\162096_res_00.txt 	  46 	 90 	 188 	 512 	 220 	 129 	 59 	 10 	 1 	 4 	 0 	 0 	 0 	 0 	 0 	 1 	 0 	 0 	 0 	 0 	 
1.00000000 	 0 	 4.2222 	 1 	 16 	 17598028 	 2015.28 	 4626997644741.000000 	 1.406000 	 10800 	 C:\z_mine\research\MEMO muppets\z_research\mup_active\162097_res_00.txt 	  62 	 95 	 180 	 492 	 219 	 117 	 57 	 14 	 9 	 7 	 3 	 2 	 1 	 0 	 1 	 1 	 0 	 0 	 0 	 0 	 
0.00024278 	 4118 	 4.3024 	 1 	 15 	 48670222 	 10868.21 	 24951865113894.000000 	 2.891000 	 10800 	 C:\z_mine\research\MEMO muppets\z_research\mup_active\162098_res_00.txt 	  67 	 101 	 166 	 474 	 190 	 138 	 73 	 25 	 11 	 5 	 4 	 4 	 1 	 0 	 1 	 0 	 0 	 0 	 0 	 0 	 
0.00015129 	 6609 	 4.1794 	 1 	 12 	 51042486 	 10871.88 	 24961789317028.000000 	 2.750000 	 10800 	 C:\z_mine\research\MEMO muppets\z_research\mup_active\162099_res_00.txt 	  61 	 92 	 192 	 487 	 208 	 133 	 59 	 16 	 6 	 3 	 2 	 1 	 0 	 0 	 0 	 0 	 0 	 0 	 0 	 0 	 
0.00010988 	 9100 	 4.1770 	 1 	 13 	 51241967 	 10889.55 	 25000537191482.000000 	 2.281000 	 10800 	 C:\z_mine\research\MEMO muppets\z_research\mup_active\162100_res_00.txt 	  63 	 101 	 172 	 491 	 219 	 134 	 55 	 12 	 4 	 3 	 2 	 2 	 2 	 0 	 0 	 0 	 0 	 0 	 0 	 0 	 
0.00006700 	 14924 	 4.2667 	 1 	 14 	 53383023 	 10868.55 	 24953726474511.000000 	 2.297000 	 10800 	 C:\z_mine\research\MEMO muppets\z_research\mup_active\162101_res_00.txt 	  70 	 118 	 189 	 425 	 204 	 125 	 76 	 18 	 12 	 14 	 3 	 3 	 2 	 1 	 0 	 0 	 0 	 0 	 0 	 0 	 
0.00005904 	 16938 	 4.2262 	 1 	 11 	 52525246 	 10901.42 	 25028370970563.000000 	 2.562000 	 10800 	 C:\z_mine\research\MEMO muppets\z_research\mup_active\162102_res_00.txt 	  75 	 136 	 160 	 430 	 201 	 131 	 74 	 26 	 11 	 14 	 2 	 0 	 0 	 0 	 0 	 0 	 0 	 0 	 0 	 0 	 
1.00000000 	 0 	 4.2468 	 1 	 11 	 639384 	 117.62 	 269930454959.000000 	 4.250000 	 10800 	 C:\z_mine\research\MEMO muppets\z_research\mup_active\g120b00_res_00.txt 	  210 	 367 	 352 	 454 	 438 	 350 	 186 	 94 	 34 	 14 	 1 	 0 	 0 	 0 	 0 	 0 	 0 	 0 	 0 	 0 	 
1.00000000 	 0 	 4.2268 	 1 	 12 	 1130528 	 154.96 	 355322833086.000000 	 5.000000 	 10800 	 C:\z_mine\research\MEMO muppets\z_research\mup_active\g120b01_res_00.txt 	  210 	 329 	 401 	 479 	 434 	 311 	 200 	 93 	 33 	 8 	 1 	 1 	 0 	 0 	 0 	 0 	 0 	 0 	 0 	 0 	 
1.00000000 	 0 	 4.1856 	 1 	 10 	 809820 	 140.83 	 322943148132.000000 	 5.297000 	 10800 	 C:\z_mine\research\MEMO muppets\z_research\mup_active\g120b02_res_00.txt 	  202 	 348 	 425 	 458 	 443 	 308 	 192 	 76 	 36 	 12 	 0 	 0 	 0 	 0 	 0 	 0 	 0 	 0 	 0 	 0 	 
1.00000000 	 0 	 4.1756 	 1 	 12 	 25571104 	 2210.97 	 5076637966753.000000 	 7.047000 	 10800 	 C:\z_mine\research\MEMO muppets\z_research\mup_active\g120b03_res_00.txt 	  248 	 382 	 393 	 415 	 416 	 296 	 173 	 100 	 58 	 13 	 3 	 3 	 0 	 0 	 0 	 0 	 0 	 0 	 0 	 0 	 
0.00021274 	 4700 	 4.0296 	 1 	 12 	 132303582 	 10801.38 	 24797625311118.000000 	 13.203000 	 10800 	 C:\z_mine\research\MEMO muppets\z_research\mup_active\g120b04_res_00.txt 	  223 	 420 	 436 	 468 	 394 	 258 	 158 	 96 	 36 	 8 	 1 	 2 	 0 	 0 	 0 	 0 	 0 	 0 	 0 	 0 	 
0.00028935 	 3455 	 4.0560 	 1 	 12 	 132731825 	 10803.24 	 24803659306299.000000 	 14.437000 	 10800 	 C:\z_mine\research\MEMO muppets\z_research\mup_active\g120b05_res_00.txt 	  232 	 405 	 447 	 428 	 381 	 312 	 157 	 85 	 43 	 9 	 0 	 1 	 0 	 0 	 0 	 0 	 0 	 0 	 0 	 0 	 
0.00004500 	 22220 	 4.0552 	 1 	 10 	 133792053 	 10801.49 	 24797996480562.000000 	 17.234000 	 10800 	 C:\z_mine\research\MEMO muppets\z_research\mup_active\g120b06_res_00.txt 	  225 	 408 	 452 	 421 	 384 	 312 	 176 	 73 	 41 	 8 	 0 	 0 	 0 	 0 	 0 	 0 	 0 	 0 	 0 	 0 	 
0.00003113 	 32119 	 4.0812 	 1 	 10 	 137685645 	 10802.76 	 24801518753497.000000 	 16.578000 	 10800 	 C:\z_mine\research\MEMO muppets\z_research\mup_active\g120b07_res_00.txt 	  224 	 357 	 434 	 486 	 423 	 284 	 181 	 71 	 35 	 5 	 0 	 0 	 0 	 0 	 0 	 0 	 0 	 0 	 0 	 0 	 
0.00001962 	 50961 	 4.0428 	 1 	 10 	 128988509 	 10803.73 	 24800006153084.000000 	 19.812000 	 10800 	 C:\z_mine\research\MEMO muppets\z_research\mup_active\g120b08_res_00.txt 	  218 	 375 	 468 	 462 	 417 	 277 	 168 	 75 	 36 	 4 	 0 	 0 	 0 	 0 	 0 	 0 	 0 	 0 	 0 	 0 	 
0.00002324 	 43026 	 4.0528 	 1 	 10 	 128624062 	 10806.15 	 24809645999790.000000 	 17.094000 	 10800 	 C:\z_mine\research\MEMO muppets\z_research\mup_active\g120b09_res_00.txt 	  245 	 384 	 431 	 459 	 393 	 281 	 174 	 90 	 29 	 14 	 0 	 0 	 0 	 0 	 0 	 0 	 0 	 0 	 0 	 0 	 
0.00004107 	 24346 	 3.9788 	 1 	 11 	 127583869 	 10800.43 	 24794591853492.000000 	 22.375000 	 10800 	 C:\z_mine\research\MEMO muppets\z_research\mup_active\g120d00_res_00.txt 	  249 	 375 	 470 	 465 	 389 	 292 	 152 	 70 	 26 	 9 	 3 	 0 	 0 	 0 	 0 	 0 	 0 	 0 	 0 	 0 	 
0.00003674 	 27220 	 4.1012 	 1 	 10 	 121062835 	 10802.62 	 24801809727437.000000 	 20.578000 	 10800 	 C:\z_mine\research\MEMO muppets\z_research\mup_active\g120d01_res_00.txt 	  231 	 386 	 422 	 455 	 392 	 288 	 187 	 93 	 37 	 9 	 0 	 0 	 0 	 0 	 0 	 0 	 0 	 0 	 0 	 0 	 
0.00030722 	 3254 	 4.0984 	 1 	 12 	 117094687 	 10806.84 	 24810361902740.000000 	 16.235000 	 10800 	 C:\z_mine\research\MEMO muppets\z_research\mup_active\g120d02_res_00.txt 	  220 	 377 	 433 	 441 	 452 	 276 	 165 	 98 	 30 	 5 	 2 	 1 	 0 	 0 	 0 	 0 	 0 	 0 	 0 	 0 	 
0.00004787 	 20890 	 4.0836 	 1 	 10 	 127891048 	 10805.89 	 24809124200792.000000 	 18.281000 	 10800 	 C:\z_mine\research\MEMO muppets\z_research\mup_active\g120d03_res_00.txt 	  228 	 370 	 446 	 484 	 375 	 291 	 163 	 93 	 39 	 11 	 0 	 0 	 0 	 0 	 0 	 0 	 0 	 0 	 0 	 0 	 
0.00012471 	 8018 	 4.1344 	 1 	 10 	 133488741 	 10804.37 	 24804793155121.000000 	 17.984000 	 10800 	 C:\z_mine\research\MEMO muppets\z_research\mup_active\g120d04_res_00.txt 	  215 	 358 	 450 	 468 	 391 	 293 	 190 	 90 	 30 	 15 	 0 	 0 	 0 	 0 	 0 	 0 	 0 	 0 	 0 	 0 	 
0.00006664 	 15006 	 4.1268 	 1 	 11 	 129971067 	 10800.10 	 24795145044494.000000 	 20.219000 	 10800 	 C:\z_mine\research\MEMO muppets\z_research\mup_active\g120d05_res_00.txt 	  213 	 384 	 465 	 412 	 408 	 304 	 162 	 92 	 44 	 13 	 3 	 0 	 0 	 0 	 0 	 0 	 0 	 0 	 0 	 0 	 
0.00014759 	 6774 	 4.1240 	 1 	 12 	 124345450 	 10803.22 	 24801493592349.000000 	 16.562000 	 10800 	 C:\z_mine\research\MEMO muppets\z_research\mup_active\g120d06_res_00.txt 	  219 	 355 	 471 	 465 	 386 	 280 	 173 	 95 	 40 	 10 	 5 	 1 	 0 	 0 	 0 	 0 	 0 	 0 	 0 	 0 	 
0.00024399 	 4098 	 4.4156 	 1 	 15 	 97492374 	 10803.09 	 24801310845061.000000 	 18.203000 	 10800 	 C:\z_mine\research\MEMO muppets\z_research\mup_active\g120d07_res_00.txt 	  242 	 356 	 386 	 408 	 338 	 299 	 192 	 143 	 78 	 34 	 13 	 7 	 3 	 0 	 1 	 0 	 0 	 0 	 0 	 0 	 
0.00031596 	 3164 	 4.3004 	 1 	 12 	 103965736 	 10805.14 	 24804929089371.000000 	 16.610000 	 10800 	 C:\z_mine\research\MEMO muppets\z_research\mup_active\g120d08_res_00.txt 	  242 	 347 	 397 	 425 	 377 	 296 	 201 	 122 	 60 	 26 	 4 	 3 	 0 	 0 	 0 	 0 	 0 	 0 	 0 	 0 	 
0.00007927 	 12614 	 4.4460 	 1 	 12 	 95208784 	 10800.16 	 24794981215656.000000 	 20.890000 	 10800 	 C:\z_mine\research\MEMO muppets\z_research\mup_active\g120d09_res_00.txt 	  233 	 376 	 397 	 364 	 364 	 276 	 181 	 147 	 91 	 46 	 15 	 10 	 0 	 0 	 0 	 0 	 0 	 0 	 0 	 0 	 
1.00000000 	 0 	 4.2333 	 1 	 10 	 179572 	 27.62 	 62542571832.000000 	 1.578000 	 10800 	 C:\z_mine\research\MEMO muppets\z_research\mup_active\g120074_res_00.txt 	  106 	 162 	 194 	 239 	 236 	 164 	 95 	 43 	 17 	 4 	 0 	 0 	 0 	 0 	 0 	 0 	 0 	 0 	 0 	 0 	 
1.00000000 	 0 	 4.1968 	 1 	 13 	 50742503 	 3261.67 	 7486561226867.000000 	 4.625000 	 10800 	 C:\z_mine\research\MEMO muppets\z_research\mup_active\g120075_res_00.txt 	  111 	 177 	 208 	 227 	 215 	 154 	 94 	 47 	 18 	 6 	 1 	 1 	 1 	 0 	 0 	 0 	 0 	 0 	 0 	 0 	 
1.00000000 	 0 	 4.1365 	 1 	 10 	 94195725 	 6056.21 	 13902074689021.000000 	 4.390000 	 10800 	 C:\z_mine\research\MEMO muppets\z_research\mup_active\g120076_res_00.txt 	  114 	 183 	 203 	 233 	 221 	 149 	 92 	 42 	 18 	 5 	 0 	 0 	 0 	 0 	 0 	 0 	 0 	 0 	 0 	 0 	 
0.00079872 	 1251 	 4.0968 	 1 	 11 	 162078282 	 10808.37 	 24816231295967.000000 	 7.781000 	 10800 	 C:\z_mine\research\MEMO muppets\z_research\mup_active\g120077_res_00.txt 	  117 	 180 	 222 	 237 	 204 	 146 	 86 	 45 	 18 	 4 	 1 	 0 	 0 	 0 	 0 	 0 	 0 	 0 	 0 	 0 	 
0.00198020 	 504 	 4.0397 	 1 	 11 	 170541364 	 10808.24 	 24814594021442.000000 	 9.687000 	 10800 	 C:\z_mine\research\MEMO muppets\z_research\mup_active\g120078_res_00.txt 	  120 	 192 	 227 	 229 	 202 	 144 	 82 	 42 	 16 	 5 	 1 	 0 	 0 	 0 	 0 	 0 	 0 	 0 	 0 	 0 	 
0.00018584 	 5380 	 4.0206 	 1 	 11 	 177517200 	 10825.93 	 24856169766057.000000 	 7.781000 	 10800 	 C:\z_mine\research\MEMO muppets\z_research\mup_active\g120079_res_00.txt 	  120 	 196 	 230 	 230 	 197 	 140 	 84 	 42 	 16 	 4 	 1 	 0 	 0 	 0 	 0 	 0 	 0 	 0 	 0 	 0 	 
0.00006579 	 15200 	 4.0333 	 1 	 10 	 181605528 	 10815.78 	 24832428651985.000000 	 8.016000 	 10800 	 C:\z_mine\research\MEMO muppets\z_research\mup_active\g120080_res_00.txt 	  120 	 196 	 228 	 226 	 195 	 144 	 89 	 42 	 16 	 4 	 0 	 0 	 0 	 0 	 0 	 0 	 0 	 0 	 0 	 0 	 
0.00004962 	 20154 	 4.0063 	 1 	 10 	 185160050 	 10801.57 	 24800696235302.000000 	 9.578000 	 10800 	 C:\z_mine\research\MEMO muppets\z_research\mup_active\g120081_res_00.txt 	  120 	 196 	 232 	 232 	 196 	 140 	 84 	 40 	 16 	 4 	 0 	 0 	 0 	 0 	 0 	 0 	 0 	 0 	 0 	 0 	 
0.00003449 	 28992 	 4.0032 	 1 	 10 	 182658825 	 10805.70 	 24808580172774.000000 	 10.953000 	 10800 	 C:\z_mine\research\MEMO muppets\z_research\mup_active\g120082_res_00.txt 	  120 	 196 	 232 	 232 	 198 	 140 	 82 	 40 	 16 	 4 	 0 	 0 	 0 	 0 	 0 	 0 	 0 	 0 	 0 	 0 	 
0.00002396 	 41733 	 4.0000 	 1 	 10 	 184563353 	 10810.30 	 24821336495383.000000 	 9.750000 	 10800 	 C:\z_mine\research\MEMO muppets\z_research\mup_active\g120083_res_00.txt 	  120 	 196 	 232 	 232 	 200 	 140 	 80 	 40 	 16 	 4 	 0 	 0 	 0 	 0 	 0 	 0 	 0 	 0 	 0 	 0 	 
